1.2769,0.012
1.3225,0.012
1.3689,0.012
1.4161,0.012
1.4641,0.012
1.5129,0.012
1.5625,0.012
1.6129,0.012
1.6641,0.012
1.7161,0.012
1.7689,0.012
1.8225,0.012
1.8769,0.012
1.9321,0.012
1.9881,0.012
2.0449,0.012
2.1025,0.012
2.1609,0.012
1.2321,0.0143
1.2769,0.0143
1.3225,0.0143
1.3689,0.0143
1.4161,0.0143
1.4641,0.0143
1.5129,0.0143
1.5625,0.0143
1.6129,0.0143
1.6641,0.0143
1.7161,0.0143
1.7689,0.0143
1.8225,0.0143
1.8769,0.0143
1.9321,0.0143
1.9881,0.0143
2.0449,0.0143
2.1025,0.0143
2.1609,0.0143
1.2321,0.0171
1.2769,0.0171
1.3225,0.0171
1.3689,0.0171
1.4161,0.0171
1.4641,0.0171
1.5129,0.0171
1.5625,0.0171
1.6129,0.0171
1.6641,0.0171
1.7161,0.0171
1.7689,0.0171
1.8225,0.0171
1.8769,0.0171
1.9321,0.0171
1.9881,0.0171
2.0449,0.0171
2.1025,0.0171
2.1609,0.0171
2.2201,0.0171
2.2801,0.0171
2.3409,0.0171
2.4025,0.0171
2.4649,0.0171
2.5281,0.0171
2.5921,0.0171
2.6569,0.0171
1.2321,0.0204
1.2769,0.0204
1.3225,0.0204
1.3689,0.0204
1.4161,0.0204
1.4641,0.0204
1.5129,0.0204
1.5625,0.0204
1.6129,0.0204
1.6641,0.0204
1.7161,0.0204
1.7689,0.0204
1.8225,0.0204
1.8769,0.0204
1.9321,0.0204
1.9881,0.0204
2.0449,0.0204
2.1025,0.0204
2.1609,0.0204
2.2201,0.0204
2.2801,0.0204
2.3409,0.0204
2.4025,0.0204
2.4649,0.0204
2.5281,0.0204
2.5921,0.0204
2.6569,0.0204
1.2321,0.0244
1.2769,0.0244
1.3225,0.0244
1.3689,0.0244
1.4161,0.0244
1.4641,0.0244
1.5129,0.0244
1.5625,0.0244
1.6129,0.0244
1.6641,0.0244
1.7161,0.0244
1.7689,0.0244
1.8225,0.0244
1.8769,0.0244
1.9321,0.0244
1.9881,0.0244
2.0449,0.0244
2.1025,0.0244
2.1609,0.0244
2.2201,0.0244
2.2801,0.0244
2.3409,0.0244
2.4025,0.0244
2.4649,0.0244
2.5281,0.0244
2.5921,0.0244
2.6569,0.0244
1.2321,0.029
1.2769,0.029
1.3225,0.029
1.3689,0.029
1.4161,0.029
1.4641,0.029
1.5129,0.029
1.5625,0.029
1.6129,0.029
1.6641,0.029
1.7161,0.029
1.7689,0.029
1.8225,0.029
1.8769,0.029
1.9321,0.029
1.9881,0.029
2.0449,0.029
2.1025,0.029
2.1609,0.029
2.2201,0.029
2.2801,0.029
2.3409,0.029
2.4025,0.029
2.4649,0.029
2.5281,0.029
2.5921,0.029
2.6569,0.029
1.2321,0.0347
1.2769,0.0347
1.3225,0.0347
1.3689,0.0347
1.4161,0.0347
1.4641,0.0347
1.5129,0.0347
1.5625,0.0347
1.6129,0.0347
1.6641,0.0347
1.7161,0.0347
1.7689,0.0347
1.8225,0.0347
1.8769,0.0347
1.9321,0.0347
1.9881,0.0347
2.0449,0.0347
2.1025,0.0347
2.1609,0.0347
2.2201,0.0347
2.2801,0.0347
2.3409,0.0347
2.4025,0.0347
2.4649,0.0347
2.5281,0.0347
2.5921,0.0347
2.6569,0.0347
1.2321,0.0414
1.2769,0.0414
1.3225,0.0414
1.3689,0.0414
1.4161,0.0414
1.4641,0.0414
1.5129,0.0414
1.5625,0.0414
1.6129,0.0414
1.6641,0.0414
1.7161,0.0414
1.7689,0.0414
1.8225,0.0414
1.8769,0.0414
1.9321,0.0414
1.9881,0.0414
2.0449,0.0414
2.1025,0.0414
2.1609,0.0414
2.2201,0.0414
2.2801,0.0414
2.3409,0.0414
2.4025,0.0414
2.4649,0.0414
2.5281,0.0414
2.5921,0.0414
2.6569,0.0414
2.7225,0.0414
2.7889,0.0414
2.8561,0.0414
2.9241,0.0414
2.9929,0.0414
3.0625,0.0414
3.1329,0.0414
3.2041,0.0414
3.2761,0.0414
3.3489,0.0414
3.4225,0.0414
3.4969,0.0414
3.5721,0.0414
3.6481,0.0414
3.7249,0.0414
1.2321,0.0494
1.2769,0.0494
1.3225,0.0494
1.3689,0.0494
1.4161,0.0494
1.4641,0.0494
1.5129,0.0494
1.5625,0.0494
1.6129,0.0494
1.6641,0.0494
1.7161,0.0494
1.7689,0.0494
1.8225,0.0494
1.8769,0.0494
1.9321,0.0494
1.9881,0.0494
2.0449,0.0494
2.1025,0.0494
2.1609,0.0494
2.2201,0.0494
2.2801,0.0494
2.3409,0.0494
2.4025,0.0494
2.4649,0.0494
2.5281,0.0494
2.5921,0.0494
2.6569,0.0494
2.7225,0.0494
2.7889,0.0494
2.8561,0.0494
2.9241,0.0494
2.9929,0.0494
3.0625,0.0494
3.1329,0.0494
3.2041,0.0494
3.2761,0.0494
3.3489,0.0494
3.4225,0.0494
3.4969,0.0494
3.5721,0.0494
3.6481,0.0494
3.7249,0.0494
1.2321,0.059
1.2769,0.059
1.3225,0.059
1.3689,0.059
1.4161,0.059
1.4641,0.059
1.5129,0.059
1.5625,0.059
1.6129,0.059
1.6641,0.059
1.7161,0.059
1.7689,0.059
1.8225,0.059
1.8769,0.059
1.9321,0.059
1.9881,0.059
2.0449,0.059
2.1025,0.059
2.1609,0.059
2.2201,0.059
2.2801,0.059
2.3409,0.059
2.4025,0.059
2.4649,0.059
2.5281,0.059
2.5921,0.059
2.6569,0.059
2.7225,0.059
2.7889,0.059
2.8561,0.059
2.9241,0.059
2.9929,0.059
3.0625,0.059
3.1329,0.059
3.2041,0.059
3.2761,0.059
3.3489,0.059
3.4225,0.059
3.4969,0.059
3.5721,0.059
3.6481,0.059
3.7249,0.059
1.2321,0.0705
1.2769,0.0705
1.3225,0.0705
1.3689,0.0705
1.4161,0.0705
1.4641,0.0705
1.5129,0.0705
1.5625,0.0705
1.6129,0.0705
1.6641,0.0705
1.7161,0.0705
1.7689,0.0705
1.8225,0.0705
1.8769,0.0705
1.9321,0.0705
1.9881,0.0705
2.0449,0.0705
2.1025,0.0705
2.1609,0.0705
2.2201,0.0705
2.2801,0.0705
2.3409,0.0705
2.4025,0.0705
2.4649,0.0705
2.5281,0.0705
2.5921,0.0705
2.6569,0.0705
2.7225,0.0705
2.7889,0.0705
2.8561,0.0705
2.9241,0.0705
2.9929,0.0705
3.0625,0.0705
3.1329,0.0705
3.2041,0.0705
3.2761,0.0705
3.3489,0.0705
3.4225,0.0705
3.4969,0.0705
3.5721,0.0705
3.6481,0.0705
3.7249,0.0705
1.2321,0.0841
1.2769,0.0841
1.3225,0.0841
1.3689,0.0841
1.4161,0.0841
1.4641,0.0841
1.5129,0.0841
1.5625,0.0841
1.6129,0.0841
1.6641,0.0841
1.7161,0.0841
1.7689,0.0841
1.8225,0.0841
1.8769,0.0841
1.9321,0.0841
1.9881,0.0841
2.0449,0.0841
2.1025,0.0841
2.1609,0.0841
2.2201,0.0841
2.2801,0.0841
2.3409,0.0841
2.4025,0.0841
2.4649,0.0841
2.5281,0.0841
2.5921,0.0841
2.6569,0.0841
2.7225,0.0841
2.7889,0.0841
2.8561,0.0841
2.9241,0.0841
2.9929,0.0841
3.0625,0.0841
3.1329,0.0841
3.2041,0.0841
3.2761,0.0841
3.3489,0.0841
3.4225,0.0841
3.4969,0.0841
3.5721,0.0841
3.6481,0.0841
3.7249,0.0841
1.2321,0.1005
1.2769,0.1005
1.3225,0.1005
1.3689,0.1005
1.4161,0.1005
1.4641,0.1005
1.5129,0.1005
1.5625,0.1005
1.6129,0.1005
1.6641,0.1005
1.7161,0.1005
1.7689,0.1005
1.8225,0.1005
1.8769,0.1005
1.9321,0.1005
1.9881,0.1005
2.0449,0.1005
2.1025,0.1005
2.1609,0.1005
2.2201,0.1005
2.2801,0.1005
2.3409,0.1005
2.4025,0.1005
2.4649,0.1005
2.5281,0.1005
2.5921,0.1005
2.6569,0.1005
2.7225,0.1005
2.7889,0.1005
2.8561,0.1005
2.9241,0.1005
2.9929,0.1005
3.0625,0.1005
3.1329,0.1005
3.2041,0.1005
3.2761,0.1005
3.3489,0.1005
3.4225,0.1005
3.4969,0.1005
3.5721,0.1005
3.6481,0.1005
3.7249,0.1005
3.8025,0.1005
3.8809,0.1005
3.9601,0.1005
4.0401,0.1005
4.1209,0.1005
4.2025,0.1005
1.2321,0.12
1.2769,0.12
1.3225,0.12
1.3689,0.12
1.4161,0.12
1.4641,0.12
1.5129,0.12
1.5625,0.12
1.6129,0.12
1.6641,0.12
1.7161,0.12
1.7689,0.12
1.8225,0.12
1.8769,0.12
1.9321,0.12
1.9881,0.12
2.0449,0.12
2.1025,0.12
2.1609,0.12
2.2201,0.12
2.2801,0.12
2.3409,0.12
2.4025,0.12
2.4649,0.12
2.5281,0.12
2.5921,0.12
2.6569,0.12
2.7225,0.12
2.7889,0.12
2.8561,0.12
2.9241,0.12
2.9929,0.12
3.0625,0.12
3.1329,0.12
3.2041,0.12
3.2761,0.12
3.3489,0.12
3.4225,0.12
3.4969,0.12
3.5721,0.12
3.6481,0.12
3.7249,0.12
3.8025,0.12
3.8809,0.12
3.9601,0.12
4.0401,0.12
4.1209,0.12
1.2321,0.143
1.2769,0.143
1.3225,0.143
1.3689,0.143
1.4161,0.143
1.4641,0.143
1.5129,0.143
1.5625,0.143
1.6129,0.143
1.6641,0.143
1.7161,0.143
1.7689,0.143
1.8225,0.143
1.8769,0.143
1.9321,0.143
1.9881,0.143
2.0449,0.143
2.1025,0.143
2.1609,0.143
2.2201,0.143
2.2801,0.143
2.3409,0.143
2.4025,0.143
2.4649,0.143
2.5281,0.143
2.5921,0.143
2.6569,0.143
2.7225,0.143
2.7889,0.143
2.8561,0.143
2.9241,0.143
2.9929,0.143
3.0625,0.143
3.1329,0.143
3.2041,0.143
3.2761,0.143
3.3489,0.143
3.4225,0.143
3.4969,0.143
3.5721,0.143
3.6481,0.143
3.7249,0.143
3.8025,0.143
3.8809,0.143
3.9601,0.143
4.0401,0.143
4.1209,0.143
1.2321,0.1708
1.2769,0.1708
1.3225,0.1708
1.3689,0.1708
1.4161,0.1708
1.4641,0.1708
1.5129,0.1708
1.5625,0.1708
1.6129,0.1708
1.6641,0.1708
1.7161,0.1708
1.7689,0.1708
1.8225,0.1708
1.8769,0.1708
1.9321,0.1708
1.9881,0.1708
2.0449,0.1708
2.1025,0.1708
2.1609,0.1708
2.2201,0.1708
2.2801,0.1708
2.3409,0.1708
2.4025,0.1708
2.4649,0.1708
2.5281,0.1708
2.5921,0.1708
2.6569,0.1708
2.7225,0.1708
2.7889,0.1708
2.8561,0.1708
2.9241,0.1708
2.9929,0.1708
3.0625,0.1708
3.1329,0.1708
3.2041,0.1708
3.2761,0.1708
3.3489,0.1708
3.4225,0.1708
3.4969,0.1708
3.5721,0.1708
3.6481,0.1708
3.7249,0.1708
3.8025,0.1708
3.8809,0.1708
3.9601,0.1708
4.0401,0.1708
4.1209,0.1708
4.2025,0.1708
4.2849,0.1708
4.3681,0.1708
4.4521,0.1708
4.5369,0.1708
4.6225,0.1708
4.7089,0.1708
4.7961,0.1708
4.8841,0.1708
4.9729,0.1708
5.0625,0.1708
5.1529,0.1708
5.2441,0.1708
1.2321,0.2042
1.2769,0.2042
1.3225,0.2042
1.3689,0.2042
1.4161,0.2042
1.4641,0.2042
1.5129,0.2042
1.5625,0.2042
1.6129,0.2042
1.6641,0.2042
1.7161,0.2042
1.7689,0.2042
1.8225,0.2042
1.8769,0.2042
1.9321,0.2042
1.9881,0.2042
2.0449,0.2042
2.1025,0.2042
2.1609,0.2042
2.2201,0.2042
2.2801,0.2042
2.3409,0.2042
2.4025,0.2042
2.4649,0.2042
2.5281,0.2042
2.5921,0.2042
2.6569,0.2042
2.7225,0.2042
2.7889,0.2042
2.8561,0.2042
2.9241,0.2042
2.9929,0.2042
3.0625,0.2042
3.1329,0.2042
3.2041,0.2042
3.2761,0.2042
3.3489,0.2042
3.4225,0.2042
3.4969,0.2042
3.5721,0.2042
3.6481,0.2042
3.7249,0.2042
3.8025,0.2042
3.8809,0.2042
3.9601,0.2042
4.0401,0.2042
4.1209,0.2042
4.2025,0.2042
4.2849,0.2042
4.3681,0.2042
4.4521,0.2042
4.5369,0.2042
4.6225,0.2042
4.7089,0.2042
4.7961,0.2042
4.8841,0.2042
4.9729,0.2042
5.0625,0.2042
5.1529,0.2042
1.2321,0.2436
1.2769,0.2436
1.3225,0.2436
1.3689,0.2436
1.4161,0.2436
1.4641,0.2436
1.5129,0.2436
1.5625,0.2436
1.6129,0.2436
1.6641,0.2436
1.7161,0.2436
1.7689,0.2436
1.8225,0.2436
1.8769,0.2436
1.9321,0.2436
1.9881,0.2436
2.0449,0.2436
2.1025,0.2436
2.1609,0.2436
2.2201,0.2436
2.2801,0.2436
2.3409,0.2436
2.4025,0.2436
2.4649,0.2436
2.5281,0.2436
2.5921,0.2436
2.6569,0.2436
2.7225,0.2436
2.7889,0.2436
2.8561,0.2436
2.9241,0.2436
2.9929,0.2436
3.0625,0.2436
3.1329,0.2436
3.2041,0.2436
3.2761,0.2436
3.3489,0.2436
3.4225,0.2436
3.4969,0.2436
3.5721,0.2436
3.6481,0.2436
3.7249,0.2436
3.8025,0.2436
3.8809,0.2436
3.9601,0.2436
4.0401,0.2436
4.1209,0.2436
4.2025,0.2436
4.2849,0.2436
4.3681,0.2436
4.4521,0.2436
4.5369,0.2436
4.6225,0.2436
4.7089,0.2436
4.7961,0.2436
4.8841,0.2436
4.9729,0.2436
5.0625,0.2436
5.1529,0.2436
1.2321,0.2904
1.2769,0.2904
1.3225,0.2904
1.3689,0.2904
1.4161,0.2904
1.4641,0.2904
1.5129,0.2904
1.5625,0.2904
1.6129,0.2904
1.6641,0.2904
1.7161,0.2904
1.7689,0.2904
1.8225,0.2904
1.8769,0.2904
1.9321,0.2904
1.9881,0.2904
2.0449,0.2904
2.1025,0.2904
2.1609,0.2904
2.2201,0.2904
2.2801,0.2904
2.3409,0.2904
2.4025,0.2904
2.4649,0.2904
2.5281,0.2904
2.5921,0.2904
2.6569,0.2904
2.7225,0.2904
2.7889,0.2904
2.8561,0.2904
2.9241,0.2904
2.9929,0.2904
3.0625,0.2904
3.1329,0.2904
3.2041,0.2904
3.2761,0.2904
3.3489,0.2904
3.4225,0.2904
3.4969,0.2904
3.5721,0.2904
3.6481,0.2904
3.7249,0.2904
3.8025,0.2904
3.8809,0.2904
3.9601,0.2904
4.0401,0.2904
4.1209,0.2904
4.2025,0.2904
4.2849,0.2904
4.3681,0.2904
4.4521,0.2904
4.5369,0.2904
4.6225,0.2904
4.7089,0.2904
4.7961,0.2904
4.8841,0.2904
4.9729,0.2904
5.0625,0.2904
5.1529,0.2904
1.2321,0.3466
1.2769,0.3466
1.3225,0.3466
1.3689,0.3466
1.4161,0.3466
1.4641,0.3466
1.5129,0.3466
1.5625,0.3466
1.6129,0.3466
1.6641,0.3466
1.7161,0.3466
1.7689,0.3466
1.8225,0.3466
1.8769,0.3466
1.9321,0.3466
1.9881,0.3466
2.0449,0.3466
2.1025,0.3466
2.1609,0.3466
2.2201,0.3466
2.2801,0.3466
2.3409,0.3466
2.4025,0.3466
2.4649,0.3466
2.5281,0.3466
2.5921,0.3466
2.6569,0.3466
2.7225,0.3466
2.7889,0.3466
2.8561,0.3466
2.9241,0.3466
2.9929,0.3466
3.0625,0.3466
3.1329,0.3466
3.2041,0.3466
3.2761,0.3466
3.3489,0.3466
3.4225,0.3466
3.4969,0.3466
3.5721,0.3466
3.6481,0.3466
3.7249,0.3466
3.8025,0.3466
3.8809,0.3466
3.9601,0.3466
4.0401,0.3466
4.1209,0.3466
4.2025,0.3466
4.2849,0.3466
4.3681,0.3466
4.4521,0.3466
4.5369,0.3466
4.6225,0.3466
4.7089,0.3466
4.7961,0.3466
4.8841,0.3466
4.9729,0.3466
5.0625,0.3466
1.2321,0.4139
1.2769,0.4139
1.3225,0.4139
1.3689,0.4139
1.4161,0.4139
1.4641,0.4139
1.5129,0.4139
1.5625,0.4139
1.6129,0.4139
1.6641,0.4139
1.7161,0.4139
1.7689,0.4139
1.8225,0.4139
1.8769,0.4139
1.9321,0.4139
1.9881,0.4139
2.0449,0.4139
2.1025,0.4139
2.1609,0.4139
2.2201,0.4139
2.2801,0.4139
2.3409,0.4139
2.4025,0.4139
2.4649,0.4139
2.5281,0.4139
2.5921,0.4139
2.6569,0.4139
2.7225,0.4139
2.7889,0.4139
2.8561,0.4139
2.9241,0.4139
2.9929,0.4139
3.0625,0.4139
3.1329,0.4139
3.2041,0.4139
3.2761,0.4139
3.3489,0.4139
3.4225,0.4139
3.4969,0.4139
3.5721,0.4139
3.6481,0.4139
3.7249,0.4139
3.8025,0.4139
3.8809,0.4139
3.9601,0.4139
4.0401,0.4139
4.1209,0.4139
4.2025,0.4139
4.2849,0.4139
4.3681,0.4139
4.4521,0.4139
4.5369,0.4139
4.6225,0.4139
4.7089,0.4139
4.7961,0.4139
4.8841,0.4139
4.9729,0.4139
1.2321,0.494
1.2769,0.494
1.3225,0.494
1.3689,0.494
1.4161,0.494
1.4641,0.494
1.5129,0.494
1.5625,0.494
1.6129,0.494
1.6641,0.494
1.7161,0.494
1.7689,0.494
1.8225,0.494
1.8769,0.494
1.9321,0.494
1.9881,0.494
2.0449,0.494
2.1025,0.494
2.1609,0.494
2.2201,0.494
2.2801,0.494
2.3409,0.494
2.4025,0.494
2.4649,0.494
2.5281,0.494
2.5921,0.494
2.6569,0.494
2.7225,0.494
2.7889,0.494
2.8561,0.494
2.9241,0.494
2.9929,0.494
3.0625,0.494
3.1329,0.494
3.2041,0.494
3.2761,0.494
3.3489,0.494
3.4225,0.494
3.4969,0.494
3.5721,0.494
3.6481,0.494
3.7249,0.494
3.8025,0.494
3.8809,0.494
3.9601,0.494
4.0401,0.494
4.1209,0.494
4.2025,0.494
4.2849,0.494
4.3681,0.494
4.4521,0.494
4.5369,0.494
4.6225,0.494
4.7089,0.494
4.7961,0.494
4.8841,0.494
1.2321,0.5902
1.2769,0.5902
1.3225,0.5902
1.3689,0.5902
1.4161,0.5902
1.4641,0.5902
1.5129,0.5902
1.5625,0.5902
1.6129,0.5902
1.6641,0.5902
1.7161,0.5902
1.7689,0.5902
1.8225,0.5902
1.8769,0.5902
1.9321,0.5902
1.9881,0.5902
2.0449,0.5902
2.1025,0.5902
2.1609,0.5902
2.2201,0.5902
2.2801,0.5902
2.3409,0.5902
2.4025,0.5902
2.4649,0.5902
2.5281,0.5902
2.5921,0.5902
2.6569,0.5902
2.7225,0.5902
2.7889,0.5902
2.8561,0.5902
2.9241,0.5902
2.9929,0.5902
3.0625,0.5902
3.1329,0.5902
3.2041,0.5902
3.2761,0.5902
3.3489,0.5902
3.4225,0.5902
3.4969,0.5902
3.5721,0.5902
3.6481,0.5902
3.7249,0.5902
3.8025,0.5902
3.8809,0.5902
3.9601,0.5902
4.0401,0.5902
4.1209,0.5902
4.2025,0.5902
4.2849,0.5902
4.3681,0.5902
4.4521,0.5902
4.5369,0.5902
4.6225,0.5902
4.7089,0.5902
1.2321,0.7047
1.2769,0.7047
1.3225,0.7047
1.3689,0.7047
1.4161,0.7047
1.4641,0.7047
1.5129,0.7047
1.5625,0.7047
1.6129,0.7047
1.6641,0.7047
1.7161,0.7047
1.7689,0.7047
1.8225,0.7047
1.8769,0.7047
1.9321,0.7047
1.9881,0.7047
2.0449,0.7047
2.1025,0.7047
2.1609,0.7047
2.2201,0.7047
2.2801,0.7047
2.3409,0.7047
2.4025,0.7047
2.4649,0.7047
2.5281,0.7047
2.5921,0.7047
2.6569,0.7047
2.7225,0.7047
2.7889,0.7047
2.8561,0.7047
2.9241,0.7047
2.9929,0.7047
3.0625,0.7047
3.1329,0.7047
3.2041,0.7047
3.2761,0.7047
3.3489,0.7047
3.4225,0.7047
3.4969,0.7047
3.5721,0.7047
3.6481,0.7047
3.7249,0.7047
3.8025,0.7047
3.8809,0.7047
3.9601,0.7047
4.0401,0.7047
4.1209,0.7047
4.2025,0.7047
4.2849,0.7047
4.3681,0.7047
4.4521,0.7047
1.2321,0.8412
1.2769,0.8412
1.3225,0.8412
1.3689,0.8412
1.4161,0.8412
1.4641,0.8412
1.5129,0.8412
1.5625,0.8412
1.6129,0.8412
1.6641,0.8412
1.7161,0.8412
1.7689,0.8412
1.8225,0.8412
1.8769,0.8412
1.9321,0.8412
1.9881,0.8412
2.0449,0.8412
2.1025,0.8412
2.1609,0.8412
2.2201,0.8412
2.2801,0.8412
2.3409,0.8412
2.4025,0.8412
2.4649,0.8412
2.5281,0.8412
2.5921,0.8412
2.6569,0.8412
2.7225,0.8412
2.7889,0.8412
2.8561,0.8412
2.9241,0.8412
2.9929,0.8412
3.0625,0.8412
3.1329,0.8412
3.2041,0.8412
3.2761,0.8412
3.3489,0.8412
3.4225,0.8412
3.4969,0.8412
3.5721,0.8412
3.6481,0.8412
3.7249,0.8412
3.8025,0.8412
3.8809,0.8412
3.9601,0.8412
4.0401,0.8412
4.1209,0.8412
