0.012,1.13,-0.0852,0.1148,0.0212,-0.1189,0.1441,0.0262,0.029372482321229264
0.012,1.15,-0.1076,0.1197,0.0215,-0.1458,0.1438,0.0272,0.02642324085650555
0.012,1.17,-0.2045,0.1168,0.0208,-0.2479,0.1368,0.027,0.023973837158950587
0.012,1.19,-0.7447,0.136,0.0381,-0.8537,0.1554,0.0472,0.021907978478729242
0.012,1.21,-0.6129,0.1437,0.0344,-0.6873,0.161,0.0436,0.02014282423901277
0.012,1.23,-0.9118,0.1399,0.0365,-1.007,0.1541,0.0435,0.018617765747439386
0.012,1.25,-0.5379,0.1361,0.0467,-0.5884,0.1482,0.0523,0.01728743806227648
0.012,1.27,-0.1995,0.1337,0.0283,-0.2193,0.144,0.0315,0.01611721179926748
0.012,1.29,-0.1259,0.1405,0.0247,-0.1382,0.15,0.0269,0.015080195461248117
0.012,1.31,-0.3156,0.1331,0.0381,-0.3385,0.1409,0.0407,0.014155189051282963
0.012,1.33,0.2404,0.1339,0.0452,0.2482,0.141,0.0477,0.013325254468205778
0.012,1.35,-0.1214,0.1509,0.0529,-0.132,0.158,0.0554,0.012576696177875973
0.012,1.37,0.1028,0.1634,0.0409,0.101,0.1703,0.0427,0.011898321064808856
0.012,1.39,-0.1766,0.1855,0.0368,-0.1896,0.1925,0.0383,0.011280892151893585
0.012,1.41,0.0515,0.2063,0.0206,0.0462,0.2134,0.0213,0.010716719423702746
0.012,1.43,-0.319,0.2273,0.0192,-0.3367,0.2343,0.0197,0.010199349221204818
0.012,1.45,-0.2744,0.2501,0.045,-0.2908,0.2571,0.0464,0.009723325574214943
0.012,1.47,-0.1152,0.4667,0.1508,-0.1274,0.4793,0.1566,0.00928400475659443
0.0143,1.11,0.1091,0.0844,0.0219,0.139,0.1151,0.0313,0.03906616522586807
0.0143,1.13,0.0561,0.0827,0.0214,0.057,0.1071,0.0275,0.034806258409254366
0.0143,1.15,-0.069,0.0976,0.0201,-0.0985,0.1212,0.0258,0.03132903090254583
0.0143,1.17,-0.134,0.1082,0.0171,-0.1727,0.1294,0.0247,0.028438149730026296
0.0143,1.19,-0.6508,0.1204,0.0282,-0.7613,0.1403,0.0387,0.025997841989283378
0.0143,1.21,-0.5459,0.1174,0.0148,-0.6225,0.1337,0.0276,0.023911217988079252
0.0143,1.23,-0.6451,0.1186,0.0373,-0.7228,0.1328,0.0461,0.022107283107209816
0.0143,1.25,-0.5244,0.1153,0.0322,-0.5812,0.1272,0.0374,0.020532829686767597
0.0143,1.27,-0.3578,0.1144,0.0283,-0.3944,0.1246,0.0319,0.019147195840405393
0.0143,1.29,-0.2838,0.1176,0.032,-0.3119,0.1268,0.0348,0.017918774355875758
0.0143,1.31,-0.0405,0.1022,0.0328,-0.0487,0.1092,0.0353,0.01682262585831753
0.0143,1.33,-0.1098,0.1175,0.0385,-0.1224,0.1248,0.0409,0.01583880914350237
0.0143,1.35,0.0208,0.1271,0.0512,0.0153,0.134,0.054,0.01495118927035323
0.0143,1.37,-0.086,0.1299,0.0591,-0.0964,0.1362,0.0621,0.01414657118343178
0.0143,1.39,-0.1873,0.1445,0.0923,-0.2029,0.1509,0.0961,0.01341405965694728
0.0143,1.41,-0.1224,0.1575,0.0289,-0.1354,0.1638,0.0301,0.012744579464140137
0.0143,1.43,-0.059,0.1906,0.0257,-0.0705,0.1975,0.0265,0.012130510852955068
0.0143,1.45,-0.3219,0.2353,0.0399,-0.3423,0.2431,0.041,0.011565409246701071
0.0143,1.47,0.4224,0.4273,0.2431,0.4251,0.4408,0.2469,0.011043787308277363
0.0171,1.11,0.1259,0.0721,0.0539,0.1718,0.1046,0.0792,0.04636085531662037
0.0171,1.13,0.1331,0.0771,0.0109,0.1591,0.1047,0.0151,0.04133973083961998
0.0171,1.15,-0.0461,0.0768,0.0189,-0.076,0.0982,0.0254,0.03723497402852777
0.0171,1.17,-0.2085,0.0747,0.0333,-0.2704,0.0922,0.0443,0.03381814886410339
0.0171,1.19,-0.4065,0.0771,0.0324,-0.4909,0.0922,0.0455,0.03093087532800811
0.0171,1.21,-0.5102,0.0771,0.0268,-0.5967,0.0899,0.0402,0.028459887969073408
0.0171,1.23,-0.59,0.0762,0.0279,-0.6754,0.087,0.0385,0.026322041707337967
0.0171,1.25,-0.3932,0.0667,0.0237,-0.4453,0.0749,0.0301,0.024454924963478886
0.0171,1.27,-0.2814,0.065,0.031,-0.3175,0.072,0.0356,0.02281077720972825
0.0171,1.29,-0.0565,0.0648,0.029,-0.0682,0.0709,0.0324,0.021352429040787876
0.0171,1.31,-0.1017,0.0661,0.0358,-0.1164,0.0716,0.0391,0.020050521356915055
0.0171,1.33,0.0499,0.065,0.0462,0.0464,0.0698,0.0497,0.01888155695792462
0.0171,1.35,-0.0838,0.0719,0.0525,-0.0964,0.0766,0.0559,0.01782650766089869
0.0171,1.37,0.0018,0.0738,0.0503,-0.0059,0.0781,0.0532,0.016869800538532258
0.0171,1.39,0.032,0.0799,0.0463,0.0246,0.0841,0.0487,0.015998568114815977
0.0171,1.41,-0.2133,0.0864,0.0226,-0.2335,0.0905,0.0236,0.01520208567188612
0.0171,1.43,-0.1981,0.096,0.0206,-0.2179,0.1002,0.0213,0.014471343369209789
0.0171,1.45,-0.4159,0.1091,0.051,-0.4445,0.1134,0.0528,0.013798716940894127
0.0171,1.47,-0.1285,0.1298,0.0444,-0.1461,0.1345,0.046,0.013177711455417983
0.0171,1.49,-0.2322,0.1456,0.0629,-0.252,0.1504,0.0649,0.012602759900794404
0.0171,1.51,-0.2287,0.1405,0.0771,-0.2455,0.1447,0.0793,0.012069063381413949
0.0171,1.53,-0.1087,0.1522,0.0505,-0.1201,0.1564,0.0518,0.011572463231306496
0.0171,1.55,-0.1533,0.1601,0.0312,-0.1649,0.1642,0.0318,0.011109337847006354
0.0171,1.57,-0.0938,0.1988,0.0597,-0.1024,0.2035,0.0612,0.010676518839933853
0.0171,1.59,-0.3387,0.1982,0.0651,-0.351,0.2025,0.0666,0.010271222415573942
0.0171,1.61,-0.3265,0.2241,0.081,-0.3367,0.2287,0.0827,0.009890992848481165
0.0171,1.63,-0.1644,0.2974,0.239,-0.17,0.3031,0.2442,0.009533655636893967
0.0204,1.11,0.0929,0.0465,0.0214,0.1289,0.0705,0.0348,0.054817246365378526
0.0204,1.13,-0.0796,0.0473,0.0252,-0.1326,0.0664,0.0346,0.0489272398057354
0.0204,1.15,-0.0617,0.0521,0.0243,-0.1021,0.0695,0.0336,0.044103754565369566
0.0204,1.17,-0.2465,0.0547,0.0342,-0.3262,0.0696,0.047,0.040082865113450175
0.0204,1.19,-0.4332,0.0565,0.032,-0.5379,0.0694,0.047,0.0366810382364565
0.0204,1.21,-0.5911,0.0577,0.022,-0.7074,0.0689,0.0379,0.03376669163204762
0.0204,1.23,-0.552,0.0578,0.0363,-0.6462,0.0675,0.0482,0.031243028994109998
0.0204,1.25,-0.3369,0.0581,0.0355,-0.3904,0.0665,0.0438,0.0290372588363281
0.0204,1.27,-0.2823,0.0593,0.0321,-0.3245,0.0668,0.0375,0.027093588881471255
0.0204,1.29,-0.1272,0.0602,0.0266,-0.1485,0.0668,0.0306,0.02536853852050303
0.0204,1.31,0.006,0.0598,0.0341,-0.0013,0.0656,0.0378,0.02382772125783489
0.0204,1.33,-0.0257,0.0627,0.0596,-0.0361,0.0681,0.0649,0.02244358604925009
0.0204,1.35,-0.0604,0.0667,0.0606,-0.074,0.0718,0.0654,0.021193799914721652
0.0204,1.37,-0.1366,0.0711,0.0507,-0.1557,0.076,0.0543,0.020060069011002466
0.0204,1.39,-0.0007,0.0769,0.0263,-0.0114,0.0817,0.0278,0.01902726548728385
0.0204,1.41,-0.1056,0.0794,0.0332,-0.1234,0.0838,0.035,0.018082771428830663
0.0204,1.43,-0.2365,0.0883,0.0144,-0.2615,0.0928,0.0148,0.017215979425605415
0.0204,1.45,-0.1943,0.0926,0.0265,-0.2174,0.0969,0.0274,0.01641790781213204
0.0204,1.47,-0.1228,0.1079,0.0533,-0.1434,0.1125,0.0552,0.015680900994615346
0.0204,1.49,-0.2053,0.1203,0.0717,-0.2275,0.1249,0.0743,0.014998393693915393
0.0204,1.51,-0.3126,0.1282,0.0822,-0.3352,0.1328,0.085,0.014364723746688426
0.0204,1.53,-0.2543,0.1413,0.064,-0.2726,0.1459,0.066,0.013774982184308839
0.0204,1.55,-0.3135,0.1496,0.0245,-0.3318,0.1541,0.0248,0.013224892207818181
0.0204,1.57,-0.086,0.1609,0.0526,-0.0958,0.1653,0.054,0.012710710763915143
0.0204,1.59,-0.0985,0.1705,0.0587,-0.1068,0.1749,0.0602,0.012229147946936013
0.0204,1.61,0.1524,0.2103,0.0571,0.1518,0.2154,0.0586,0.011777300570943535
0.0204,1.63,-0.5232,0.2762,0.2099,-0.538,0.2824,0.2156,0.011352597088514042
0.0244,1.11,0.0048,0.0339,0.009,-0.0105,0.0541,0.0142,0.06486848841529376
0.0244,1.13,0.059,0.0366,0.0141,0.0633,0.0542,0.0199,0.05796472719747472
0.0244,1.15,-0.0939,0.0441,0.0226,-0.1552,0.0615,0.0332,0.0522992761586484
0.0244,1.17,-0.2115,0.0478,0.0329,-0.2937,0.0632,0.0477,0.04756839210736137
0.0244,1.19,-0.404,0.0507,0.0263,-0.5193,0.0645,0.044,0.043560098744072455
0.0244,1.21,-0.5645,0.0521,0.0181,-0.6941,0.0641,0.0369,0.040121967227538635
0.0244,1.23,-0.5951,0.0522,0.0335,-0.7155,0.0626,0.0478,0.03714158066323967
0.0244,1.25,-0.4508,0.0538,0.0442,-0.5339,0.0631,0.0555,0.03453421567496819
0.0244,1.27,-0.3178,0.0536,0.0304,-0.3732,0.0616,0.0368,0.03223481087518635
0.0244,1.29,-0.1447,0.0545,0.034,-0.1724,0.0616,0.0393,0.030192577140948054
0.0244,1.31,-0.1045,0.0552,0.0325,-0.1259,0.0616,0.0367,0.02836728859359687
0.0244,1.33,0.0101,0.058,0.0424,0.0006,0.0639,0.0469,0.026726673041999466
0.0244,1.35,-0.0951,0.0586,0.0526,-0.1144,0.064,0.0574,0.025244539560669407
0.0244,1.37,-0.0287,0.0574,0.0509,-0.0425,0.0621,0.0551,0.02389941120178137
0.0244,1.39,-0.0242,0.0599,0.0421,-0.0387,0.0643,0.0452,0.02267351069898688
0.0244,1.41,-0.1948,0.0672,0.0261,-0.222,0.0716,0.0278,0.021551997230610024
0.0244,1.43,-0.1913,0.0729,0.0326,-0.2187,0.0773,0.0344,0.020522384616640896
0.0244,1.45,-0.2158,0.0804,0.017,-0.2448,0.0849,0.0173,0.019574092550393517
0.0244,1.47,-0.102,0.1029,0.0353,-0.1255,0.1081,0.0362,0.01869809667928197
0.0244,1.49,-0.2736,0.1121,0.0688,-0.3032,0.1172,0.0717,0.01788665303310332
0.0244,1.51,-0.1202,0.122,0.0557,-0.1388,0.1272,0.0577,0.017133079001570913
0.0244,1.53,-0.3085,0.1334,0.0393,-0.3325,0.1385,0.0403,0.016431577771220642
0.0244,1.55,-0.2843,0.1386,0.0273,-0.3049,0.1435,0.0279,0.015777096483792236
0.0244,1.57,-0.0889,0.1412,0.0765,-0.1008,0.1458,0.079,0.015165210794470599
0.0244,1.59,0.018,0.1506,0.053,0.0116,0.1552,0.0546,0.014592030270448274
0.0244,1.61,-0.1934,0.1734,0.0436,-0.2041,0.1783,0.0449,0.01405412036919751
0.0244,1.63,-0.243,0.2361,0.2025,-0.2534,0.2424,0.209,0.013548437703041998
0.029,1.11,0.0746,0.0316,0.0285,0.1071,0.054,0.0478,0.07616633228538787
0.029,1.13,0.0424,0.036,0.0101,0.04,0.0564,0.0174,0.06814779971624303
0.029,1.15,-0.0569,0.0384,0.017,-0.1089,0.0563,0.0273,0.06155209063865243
0.029,1.17,-0.2603,0.0421,0.0353,-0.3779,0.058,0.0534,0.05603370403165142
0.029,1.19,-0.3522,0.0441,0.0276,-0.4729,0.0584,0.0486,0.051350550099458395
0.029,1.21,-0.4538,0.0448,0.0203,-0.5787,0.0571,0.0428,0.047327957056783554
0.029,1.23,-0.5139,0.0453,0.0321,-0.6371,0.0561,0.0501,0.043836732694035076
0.029,1.25,-0.3849,0.0462,0.0325,-0.4708,0.0557,0.0451,0.04077926910785499
0.029,1.27,-0.2118,0.0467,0.0253,-0.259,0.055,0.0328,0.03808044842363543
0.029,1.29,-0.0935,0.0454,0.0276,-0.1189,0.0525,0.0332,0.03568151962019484
0.029,1.31,-0.0405,0.0455,0.0288,-0.0577,0.0518,0.0334,0.033535872502301604
0.029,1.33,0.012,0.0452,0.0393,0.0013,0.0507,0.0443,0.031606056737416906
0.029,1.35,-0.0471,0.0461,0.0461,-0.0651,0.0511,0.0512,0.029861638035526036
0.029,1.37,-0.0565,0.0486,0.0453,-0.0762,0.0534,0.0498,0.02827762946138676
0.029,1.39,-0.0259,0.0525,0.0298,-0.0437,0.0571,0.0324,0.026833325576871278
0.029,1.41,-0.0642,0.0564,0.0281,-0.0864,0.0609,0.0303,0.02551142368351806
0.029,1.43,-0.0419,0.0622,0.0322,-0.0637,0.0667,0.0343,0.02429735293528307
0.029,1.45,-0.1512,0.0681,0.0234,-0.1818,0.0726,0.025,0.02317875613196123
0.029,1.47,-0.1289,0.1001,0.0207,-0.1586,0.1062,0.0204,0.0221450851377845
0.029,1.49,-0.1074,0.1084,0.0423,-0.1336,0.1144,0.0439,0.02118728188463056
0.029,1.51,-0.174,0.1183,0.0633,-0.1995,0.1243,0.0661,0.02029752455833209
0.029,1.53,-0.0966,0.1168,0.0177,-0.1154,0.1221,0.0172,0.019469023941503506
0.029,1.55,-0.223,0.1138,0.0291,-0.2453,0.1187,0.0297,0.018695858718952296
0.029,1.57,0.1038,0.126,0.0424,0.0968,0.1309,0.0438,0.017972841318633328
0.029,1.59,0.2003,0.1483,0.0465,0.1989,0.1538,0.0482,0.01729540788165554
0.029,1.61,-0.0822,0.1627,0.0342,-0.0915,0.1682,0.0354,0.016659527446238533
0.029,1.63,-0.0832,0.2085,0.1189,-0.0907,0.2152,0.1241,0.016061626542367684
0.0347,1.11,0.0035,0.0263,0.0191,-0.0184,0.0482,0.0354,0.08979270342257051
0.0347,1.13,0.0571,0.0294,0.0141,0.063,0.0489,0.0242,0.08046457900932862
0.0347,1.15,-0.0513,0.0326,0.0197,-0.1085,0.0503,0.0331,0.07276987785828849
0.0347,1.17,-0.2055,0.036,0.0291,-0.3175,0.0523,0.0489,0.06631684321440909
0.0347,1.19,-0.3499,0.0399,0.0276,-0.4895,0.0551,0.0544,0.06082963338524573
0.0347,1.21,-0.5783,0.0421,0.0305,-0.7674,0.0559,0.0595,0.05610840625149299
0.0347,1.23,-0.5092,0.0438,0.0311,-0.6551,0.056,0.0542,0.05200483478783052
0.0347,1.25,-0.3468,0.0434,0.0343,-0.4388,0.054,0.0497,0.04840651513418466
0.0347,1.27,-0.2146,0.0417,0.0233,-0.271,0.0505,0.033,0.045226714310298816
0.0347,1.29,-0.1321,0.0401,0.0234,-0.17,0.0475,0.0298,0.042397439377595665
0.0347,1.31,-0.0021,0.0403,0.0285,-0.0167,0.047,0.0339,0.039864636970618
0.0347,1.33,-0.0541,0.0399,0.0362,-0.0769,0.0457,0.0418,0.03758479647216259
0.0347,1.35,-0.0418,0.0423,0.0375,-0.0629,0.0479,0.0426,0.03552250026126608
0.0347,1.37,0.0006,0.0461,0.0356,-0.0164,0.0515,0.0398,0.03364862665347205
0.0347,1.39,-0.0828,0.0495,0.0202,-0.1101,0.0547,0.0225,0.03193901128117448
0.0347,1.41,-0.1374,0.0512,0.0139,-0.1712,0.056,0.0151,0.03037343603874748
0.0347,1.43,-0.1634,0.0544,0.0159,-0.2006,0.0591,0.0168,0.02893485574352313
0.0347,1.45,-0.0992,0.0569,0.0239,-0.1318,0.0614,0.0258,0.027608799767197396
0.0347,1.47,-0.3347,0.0884,0.0347,-0.3848,0.0948,0.0362,0.026382904132050362
0.0347,1.49,-0.2654,0.0935,0.0514,-0.3071,0.0997,0.054,0.025246542050323992
0.0347,1.51,-0.2745,0.0904,0.0419,-0.3108,0.0958,0.0437,0.02419052956300633
0.0347,1.53,-0.0791,0.0878,0.0139,-0.1007,0.0926,0.0124,0.02320688905318075
0.0347,1.55,-0.1565,0.0951,0.0225,-0.1799,0.1,0.0225,0.02228865778087169
0.0347,1.57,-0.046,0.1026,0.0323,-0.0614,0.1075,0.0333,0.021429731748199045
0.0347,1.59,-0.0349,0.1079,0.0329,-0.047,0.1127,0.0341,0.020624737516585483
0.0347,1.61,-0.0626,0.1268,0.0313,-0.0732,0.132,0.0326,0.01986892630767318
0.0347,1.63,-0.3217,0.2074,0.2346,-0.3405,0.2155,0.2461,0.01915808599626513
0.0414,1.11,0.0556,0.0231,0.0101,0.0833,0.0446,0.0189,0.10530448340735087
0.0414,1.13,0.0371,0.026,0.0077,0.0331,0.046,0.0151,0.09453227728225728
0.0414,1.15,-0.0549,0.0324,0.0204,-0.1196,0.0526,0.037,0.08561756197405537
0.0414,1.17,-0.1141,0.0355,0.0233,-0.193,0.0539,0.0458,0.07812121806503215
0.0414,1.19,-0.3947,0.0396,0.0379,-0.5759,0.0569,0.0707,0.07173232564764714
0.0414,1.21,-0.5661,0.042,0.0219,-0.7773,0.0577,0.0574,0.06622456660146663
0.0414,1.23,-0.4293,0.0418,0.0254,-0.5699,0.0552,0.0543,0.06142928551182131
0.0414,1.25,-0.3368,0.0411,0.0304,-0.4403,0.0526,0.0494,0.05721822772372634
0.0414,1.27,-0.2229,0.0388,0.0248,-0.2906,0.0483,0.0362,0.05349212801335031
0.0414,1.29,-0.1326,0.0389,0.0251,-0.1768,0.0473,0.0334,0.050172960129530327
0.0414,1.31,-0.0731,0.0376,0.0276,-0.1034,0.0446,0.0343,0.0471985465702881
0.0414,1.33,-0.0107,0.0375,0.034,-0.0295,0.0438,0.0403,0.04451873055292293
0.0414,1.35,-0.0256,0.0392,0.0353,-0.048,0.0452,0.0408,0.042092606307552766
0.0414,1.37,-0.0029,0.0417,0.0362,-0.0229,0.0473,0.0413,0.0398864813777252
0.0414,1.39,-0.0351,0.0424,0.021,-0.0615,0.0475,0.0237,0.037872354747882524
0.0414,1.41,-0.0898,0.0462,0.0223,-0.1237,0.0513,0.0249,0.0360267646275444
0.0414,1.43,-0.162,0.0508,0.0254,-0.2048,0.0559,0.0275,0.03432990521764485
0.0414,1.45,-0.103,0.0596,0.0191,-0.1411,0.0651,0.0205,0.032764941946035735
0.0414,1.47,-0.1999,0.0742,0.0204,-0.2468,0.0804,0.0195,0.031317475021933786
0.0414,1.49,-0.2881,0.0753,0.0407,-0.3383,0.081,0.0424,0.029975115136929936
0.0414,1.51,-0.1985,0.0766,0.0338,-0.2356,0.0819,0.035,0.028727144882706186
0.0414,1.53,-0.0414,0.0776,0.0213,-0.0643,0.0827,0.0208,0.02756424634227076
0.0414,1.55,-0.0734,0.0854,0.0182,-0.096,0.0905,0.0172,0.026478280243153254
0.0414,1.57,-0.1163,0.0942,0.0348,-0.1382,0.0993,0.0363,0.025462105635415413
0.0414,1.59,-0.1748,0.1012,0.0389,-0.1966,0.1064,0.0406,0.024509431677232872
0.0414,1.61,0.0182,0.1108,0.04,0.0094,0.1161,0.0417,0.023614695051243105
0.0414,1.63,0.1023,0.1298,0.0652,0.0994,0.1357,0.0712,0.022772957986144305
0.0414,1.65,-0.3387,0.3126,0.022,-0.3584,0.3255,0.0233,0.0219798229534437
0.0414,1.67,-0.2747,0.3517,0.0201,-0.2895,0.3651,0.0214,0.021231360943180573
0.0414,1.69,-0.2761,0.3294,0.0175,-0.2887,0.3411,0.0188,0.020524050862452802
0.0414,1.71,-0.2143,0.3417,0.0174,-0.223,0.3532,0.0186,0.019854728095499426
0.0414,1.73,-0.1068,0.3862,0.017,-0.1108,0.3982,0.0188,0.01922054064957967
0.0414,1.75,-0.1879,0.3519,0.0162,-0.1934,0.3622,0.0172,0.01861891161318251
0.0414,1.77,-0.3166,0.3877,0.0226,-0.325,0.3984,0.0241,0.01804750689168299
0.0414,1.79,0.036,0.3978,0.0131,0.0382,0.4081,0.013,0.017504207375010118
0.0414,1.81,0.274,0.4573,0.0242,0.282,0.4685,0.0254,0.01698708484319756
0.0414,1.83,-0.208,0.5149,0.0184,-0.2105,0.5268,0.0191,0.01649438103719838
0.0414,1.85,0.6223,0.5691,0.04,0.6377,0.5815,0.0407,0.016024489420438787
0.0414,1.87,0.0826,0.6689,0.0349,0.0863,0.6827,0.0357,0.015575939236171746
0.0414,1.89,0.6719,0.7601,0.0956,0.687,0.7748,0.0977,0.015147381530570141
0.0414,1.91,-0.1073,0.7728,0.0424,-0.1071,0.7871,0.0427,0.014737576864629247
0.0414,1.93,0.051,1.1112,0.1371,0.0543,1.1309,0.1393,0.014345384481647789
0.0494,1.11,0.0516,0.0211,0.0101,0.0826,0.0443,0.0222,0.12314728953296754
0.0494,1.13,0.033,0.0276,0.0114,0.0268,0.0518,0.0237,0.11077583009302658
0.0494,1.15,-0.0136,0.0311,0.0159,-0.0572,0.0533,0.0337,0.1004993119080492
0.0494,1.17,-0.2,0.0338,0.0253,-0.3418,0.054,0.0541,0.09183083761567247
0.0494,1.19,-0.3543,0.0373,0.0279,-0.5399,0.0563,0.068,0.08442342459685982
0.0494,1.21,-0.5276,0.0386,0.0183,-0.7553,0.0554,0.0634,0.07802312104119984
0.0494,1.23,-0.4116,0.0388,0.0252,-0.5683,0.0532,0.0608,0.07243979004643816
0.0494,1.25,-0.3286,0.0374,0.0267,-0.4457,0.0496,0.0484,0.0675282529925597
0.0494,1.27,-0.1831,0.0362,0.0228,-0.2509,0.0466,0.0373,0.0631757459694113
0.0494,1.29,-0.1123,0.0349,0.0225,-0.1585,0.0437,0.0325,0.05929335376338805
0.0494,1.31,-0.0328,0.0344,0.0248,-0.0597,0.042,0.0324,0.055810023780681665
0.0494,1.33,-0.0185,0.0346,0.0304,-0.043,0.0414,0.0374,0.05266829670619413
0.0494,1.35,-0.0055,0.0362,0.0304,-0.0285,0.0427,0.0365,0.04982120571041588
0.0494,1.37,-0.0602,0.0379,0.03,-0.0932,0.0439,0.0351,0.047229987342386634
0.0494,1.39,0.0491,0.0394,0.0194,0.0301,0.045,0.0226,0.04486236659049849
0.0494,1.41,0.0019,0.042,0.0194,-0.0262,0.0475,0.0222,0.04269125483775696
0.0494,1.43,-0.0778,0.0467,0.0098,-0.1181,0.0522,0.0104,0.04069374921074424
0.0494,1.45,-0.0128,0.0496,0.0192,-0.0476,0.055,0.0212,0.03885035495499274
0.0494,1.47,-0.1383,0.0638,0.0321,-0.1876,0.0701,0.0331,0.037144374923011474
0.0494,1.49,-0.0466,0.0678,0.0222,-0.0842,0.0739,0.0206,0.03556142572752203
0.0494,1.51,-0.1731,0.0705,0.0299,-0.2146,0.0763,0.0304,0.03408905092672939
0.0494,1.53,-0.0351,0.0713,0.0162,-0.0617,0.0768,0.014,0.03271640927513576
0.0494,1.55,-0.143,0.0769,0.0241,-0.1745,0.0823,0.0239,0.03143402157854018
0.0494,1.57,-0.0957,0.0824,0.0213,-0.1206,0.0877,0.0215,0.030233563692024887
0.0494,1.59,-0.0628,0.0869,0.0206,-0.0819,0.0921,0.0212,0.029107696138574484
0.0494,1.61,-0.0914,0.0929,0.0524,-0.1087,0.0982,0.0555,0.028049923007419344
0.0494,1.63,-0.0987,0.1395,0.0869,-0.1134,0.147,0.0927,0.027054474426086685
0.0494,1.65,0.2635,0.306,0.0238,0.2689,0.3208,0.0252,0.026116208136513816
0.0494,1.67,-1.1189,0.3091,0.0556,-1.1749,0.3231,0.0583,0.025230526648517645
0.0494,1.69,-0.1953,0.3126,0.0147,-0.2075,0.3258,0.0161,0.024393307168813504
0.0494,1.71,-0.7801,0.301,0.0585,-0.8133,0.313,0.061,0.023600842065251895
0.0494,1.73,0.0237,0.3118,0.0163,0.0235,0.3234,0.0175,0.022849788063929934
0.0494,1.75,0.0538,0.3405,0.0235,0.0555,0.3524,0.0249,0.022137122720791002
0.0494,1.77,-0.5169,0.3834,0.0438,-0.5336,0.3959,0.0456,0.02146010698116014
0.0494,1.79,-0.8044,0.4026,0.0602,-0.8279,0.415,0.0624,0.020816252856794493
0.0494,1.81,-0.1367,0.4335,0.0416,-0.1389,0.446,0.0432,0.020203295422856943
0.0494,1.83,-0.1735,0.4333,0.0126,-0.1765,0.4452,0.0144,0.019619168476177958
0.0494,1.85,-0.2486,0.5147,0.0265,-0.2532,0.5279,0.0265,0.019061983308473487
0.0494,1.87,0.4075,0.551,0.0522,0.4193,0.5644,0.0538,0.018530010139397802
0.0494,1.89,1.0628,0.5581,0.126,1.0896,0.571,0.1289,0.01802166182874121
0.0494,1.91,-0.4455,0.5822,0.0493,-0.4528,0.595,0.0499,0.01753547954809419
0.0494,1.93,0.082,1.0305,0.1169,0.0864,1.0521,0.1182,0.017070120142528043
0.059,1.11,0.0385,0.0199,0.0073,0.0597,0.045,0.016,0.1436412033167896
0.059,1.13,0.0085,0.0253,0.0139,-0.0199,0.0512,0.0281,0.12951501014194242
0.059,1.15,-0.0345,0.0303,0.0155,-0.0987,0.0554,0.0382,0.11773024374689348
0.059,1.17,-0.2041,0.0325,0.0311,-0.3687,0.0551,0.0701,0.1077535719026563
0.059,1.19,-0.3548,0.0343,0.0286,-0.5707,0.0546,0.0734,0.09920206999682048
0.059,1.21,-0.5333,0.038,0.0194,-0.8014,0.0573,0.0778,0.09179369729123257
0.059,1.23,-0.4324,0.0373,0.0301,-0.6243,0.0536,0.0718,0.085316131563217
0.059,1.25,-0.286,0.0364,0.0262,-0.4069,0.0502,0.0561,0.07960648447481322
0.059,1.27,-0.1842,0.0344,0.0274,-0.2635,0.0458,0.0472,0.07453770948100916
0.059,1.29,-0.0789,0.0326,0.0202,-0.1239,0.0423,0.0328,0.07000926046766637
0.059,1.31,-0.0681,0.0317,0.0234,-0.1084,0.04,0.0332,0.06594052704831013
0.059,1.33,-0.0049,0.0318,0.0241,-0.0305,0.0393,0.0315,0.062266129077727515
0.059,1.35,0.0028,0.0343,0.025,-0.0222,0.0415,0.0316,0.0589324837633037
0.059,1.37,-0.0394,0.0354,0.0231,-0.0745,0.0421,0.0286,0.055895261162342544
0.059,1.39,-0.0428,0.0361,0.0183,-0.0804,0.0422,0.0224,0.05311747094096678
0.059,1.41,0.0371,0.0374,0.0268,0.0093,0.0432,0.0314,0.05056800494342439
0.059,1.43,-0.0722,0.04,0.0106,-0.1187,0.0457,0.012,0.0482205137228402
0.059,1.45,-0.1363,0.0486,0.02,-0.1936,0.0549,0.023,0.04605253104130122
0.059,1.47,-0.0907,0.0596,0.0182,-0.1431,0.0666,0.0148,0.04404478475452938
0.059,1.49,-0.0031,0.0619,0.0209,-0.0429,0.0685,0.018,0.04218064937724919
0.059,1.51,-0.0758,0.0648,0.0239,-0.1153,0.0712,0.0232,0.040445707473108855
0.059,1.53,-0.0623,0.0684,0.0161,-0.0964,0.0747,0.0128,0.03882739544157109
0.059,1.55,-0.1664,0.0695,0.019,-0.2058,0.0753,0.0174,0.03731471534589118
0.059,1.57,-0.0736,0.0723,0.0193,-0.102,0.0779,0.0188,0.03589799885134534
0.059,1.59,-0.0137,0.0765,0.0498,-0.0332,0.082,0.053,0.03456871260294236
0.059,1.61,-0.0261,0.0799,0.0194,-0.0425,0.0853,0.0206,0.03331929679804081
0.059,1.63,-0.042,0.106,0.038,-0.057,0.1128,0.0354,0.03214303053204566
0.059,1.65,-0.085,0.2472,0.0096,-0.0989,0.2615,0.011,0.031033918876950742
0.059,1.67,-0.2282,0.2664,0.0111,-0.2473,0.2808,0.0129,0.029986597708456637
0.059,1.69,-0.4068,0.2565,0.0231,-0.4323,0.2694,0.0248,0.028996253110825453
0.059,1.71,-0.0811,0.2952,0.0133,-0.0883,0.3093,0.015,0.028058552819889008
0.059,1.73,-0.0946,0.3167,0.0157,-0.1007,0.3306,0.0165,0.027169587657937064
0.059,1.75,0.1503,0.2917,0.0212,0.1558,0.3038,0.0226,0.02632582130227703
0.059,1.77,-0.2184,0.3042,0.0303,-0.2271,0.316,0.0319,0.025524047036447416
0.059,1.79,0.0961,0.3099,0.0266,0.1007,0.3213,0.0269,0.024761350377686515
0.059,1.81,0.4687,0.3527,0.0501,0.4862,0.365,0.0519,0.024035076670153227
0.059,1.83,-0.3018,0.3622,0.0186,-0.3101,0.374,0.0192,0.023342802891119015
0.059,1.85,0.0556,0.4021,0.026,0.0594,0.4145,0.026,0.022682313044987627
0.059,1.87,-0.5582,0.4345,0.0345,-0.5723,0.4472,0.0348,0.02205157662379666
0.059,1.89,-0.3233,0.4349,0.0524,-0.3301,0.4468,0.0535,0.021448729697659215
0.059,1.91,-0.2881,0.4683,0.0363,-0.2933,0.4806,0.0357,0.02087205826819891
0.059,1.93,-0.3191,0.8392,0.2951,-0.3247,0.8606,0.3017,0.020319983575389954
0.0705,1.11,0.0053,0.0219,0.0135,-0.018,0.0512,0.0323,0.16696441829411587
0.0705,1.13,-0.0409,0.0232,0.0149,-0.126,0.0497,0.0335,0.15094884064071573
0.0705,1.15,-0.0882,0.0275,0.0211,-0.2084,0.0534,0.051,0.13752189148140065
0.0705,1.17,-0.1823,0.0307,0.0268,-0.35,0.055,0.0697,0.12610776864742837
0.0705,1.19,-0.3438,0.0336,0.0291,-0.581,0.0563,0.0877,0.11628949343056134
0.0705,1.21,-0.4654,0.0361,0.0206,-0.7298,0.057,0.0895,0.10775768943552795
0.0705,1.23,-0.4393,0.0341,0.0253,-0.662,0.0512,0.0739,0.10027798279853324
0.0705,1.25,-0.2729,0.0326,0.0318,-0.4049,0.0469,0.0644,0.0936695769434434
0.0705,1.27,-0.2148,0.0324,0.0243,-0.319,0.045,0.0472,0.08779077459348947
0.0705,1.29,-0.0815,0.0326,0.0206,-0.1336,0.0437,0.0369,0.08252895366638824
0.0705,1.31,-0.0799,0.0315,0.0192,-0.1301,0.0411,0.0304,0.07779347651222533
0.0705,1.33,-0.0159,0.0303,0.0193,-0.0483,0.0384,0.0281,0.0735105776297317
0.0705,1.35,0.0278,0.0294,0.0261,0.0047,0.0366,0.0342,0.06961961444302615
0.0705,1.37,-0.0077,0.0323,0.017,-0.042,0.0394,0.023,0.06607027518894037
0.0705,1.39,-0.0071,0.0343,0.0133,-0.0436,0.0411,0.0184,0.06282047049833786
0.0705,1.41,-0.0081,0.0371,0.014,-0.0479,0.0438,0.0181,0.0598347210190878
0.0705,1.43,-0.0334,0.0424,0.0125,-0.0811,0.0494,0.0154,0.05708291006956305
0.0705,1.45,-0.0469,0.0494,0.0127,-0.0993,0.0568,0.0142,0.05453930841833578
0.0705,1.47,0.048,0.0532,0.0197,0.0061,0.0605,0.0165,0.052181804360524664
0.0705,1.49,0.0268,0.0585,0.0217,-0.0155,0.0658,0.0187,0.04999129038209405
0.0705,1.51,-0.0589,0.0608,0.0155,-0.1029,0.0678,0.0101,0.047951170477823275
0.0705,1.53,-0.0213,0.0623,0.0149,-0.0566,0.0689,0.0101,0.04604696131371092
0.0705,1.55,0.0088,0.0646,0.0236,-0.0204,0.071,0.0226,0.044265967023002166
0.0705,1.57,0.018,0.0646,0.0172,-0.0069,0.0704,0.0164,0.04259701225094932
0.0705,1.59,0.0654,0.0658,0.0228,0.0487,0.0714,0.024,0.04103022163054661
0.0705,1.61,-0.0934,0.0724,0.0104,-0.1187,0.0781,0.0142,0.03955683653436872
0.0705,1.63,-0.2964,0.2194,0.0138,-0.3318,0.2353,0.015,0.038169061953998294
0.0705,1.65,-0.3986,0.2459,0.0218,-0.4375,0.2626,0.0237,0.03685993788340799
0.0705,1.67,-0.6487,0.2592,0.0233,-0.6989,0.2756,0.025,0.035623230751113344
0.0705,1.69,-0.4695,0.2653,0.0176,-0.5042,0.2811,0.0188,0.03445334134815895
0.0705,1.71,-0.4757,0.2768,0.0389,-0.5073,0.292,0.0414,0.033345226400766426
0.0705,1.73,-0.132,0.2444,0.0089,-0.142,0.2571,0.0105,0.03229433148606212
0.0705,1.75,-0.2445,0.2754,0.0158,-0.2584,0.2888,0.0164,0.03129653342251726
0.0705,1.77,-0.3532,0.2587,0.0283,-0.3702,0.2706,0.0293,0.030348090610325312
0.0705,1.79,-0.1911,0.2854,0.0219,-0.1995,0.2977,0.0228,0.029445600071048038
0.0705,1.81,0.1645,0.2945,0.0325,0.172,0.3065,0.0332,0.02858596015575284
0.0705,1.83,0.0107,0.312,0.0224,0.0123,0.3241,0.0205,0.027766338068199118
0.0705,1.85,-0.4197,0.3608,0.0238,-0.4334,0.3739,0.0236,0.02698414149336772
0.0705,1.87,-0.008,0.3694,0.0163,-0.0066,0.382,0.0159,0.02623699373869298
0.0705,1.89,-0.0158,0.4249,0.0368,-0.014,0.4387,0.0358,0.025522711891138573
0.0705,1.91,0.1556,0.4926,0.0437,0.1625,0.5078,0.0439,0.02483928757197088
0.0705,1.93,0.7775,0.7211,0.1074,0.8033,0.7427,0.1085,0.024184869936041502
0.0841,1.11,-0.0011,0.0197,0.0077,-0.0344,0.0502,0.0204,0.19295821634351462
0.0841,1.13,0.0418,0.0209,0.0167,0.0534,0.0477,0.0398,0.1749729749916775
0.0841,1.15,-0.0922,0.0257,0.0195,-0.2284,0.0533,0.052,0.15981129603294178
0.0841,1.17,-0.1829,0.0281,0.0274,-0.3697,0.0537,0.073,0.1468621990059672
0.0841,1.19,-0.3591,0.0331,0.0271,-0.6411,0.0588,0.0974,0.1356789379019009
0.0841,1.21,-0.4294,0.0346,0.024,-0.7084,0.0577,0.0986,0.12592729995961785
0.0841,1.23,-0.3951,0.0341,0.0263,-0.624,0.0539,0.0877,0.11735227797547262
0.0841,1.25,-0.282,0.0329,0.0285,-0.4375,0.0496,0.0704,0.10975592430341394
0.0841,1.27,-0.1191,0.0301,0.0221,-0.1954,0.0434,0.0509,0.1029822415467753
0.0841,1.29,-0.058,0.029,0.0185,-0.108,0.0405,0.0373,0.0969066326607997
0.0841,1.31,-0.0103,0.0287,0.0169,-0.0448,0.0389,0.031,0.09142838217783994
0.0841,1.33,-0.0119,0.0286,0.017,-0.0477,0.0376,0.0273,0.08646519896815016
0.0841,1.35,0.004,0.0293,0.0157,-0.0295,0.0376,0.024,0.08194918991460964
0.0841,1.37,0.0889,0.0333,0.0133,0.0745,0.0419,0.0206,0.07782384511283547
0.0841,1.39,0.0283,0.0373,0.0153,-0.0052,0.0459,0.0221,0.07404175004116831
0.0841,1.41,-0.0317,0.0398,0.0097,-0.0831,0.0482,0.015,0.07056282809491286
0.0841,1.43,-0.0061,0.0432,0.0153,-0.0556,0.0514,0.0194,0.06735297538537892
0.0841,1.45,0.0432,0.0479,0.016,-0.0018,0.0563,0.0176,0.06438298932627098
0.0841,1.47,-0.1542,0.053,0.0199,-0.2344,0.0615,0.0157,0.06162771980587274
0.0841,1.49,-0.0867,0.0528,0.0195,-0.152,0.0606,0.0124,0.05906539080467983
0.0841,1.51,-0.0552,0.0553,0.0235,-0.1063,0.0628,0.0202,0.056677053824557115
0.0841,1.53,0.0077,0.0556,0.0205,-0.0302,0.0625,0.0166,0.05444614418934483
0.0841,1.55,0.0064,0.0571,0.0168,-0.0281,0.0637,0.0097,0.0523581183175374
0.0841,1.57,0.067,0.0594,0.0147,0.0429,0.0657,0.0109,0.05040015523822746
0.0841,1.59,0.0534,0.0657,0.0145,0.032,0.0723,0.0134,0.04856090945805671
0.0841,1.61,-0.1189,0.0812,0.0202,-0.1522,0.0888,0.0193,0.046830305161208854
0.0841,1.63,-0.083,0.2241,0.0171,-0.1083,0.2435,0.0184,0.04519936389740806
0.0841,1.65,-0.542,0.2504,0.0229,-0.6001,0.2704,0.025,0.04366005956958875
0.0841,1.67,-0.1202,0.2581,0.0078,-0.1407,0.2774,0.0096,0.042205195806140405
0.0841,1.69,-0.2364,0.2279,0.0245,-0.2625,0.2438,0.0265,0.04082830178855078
0.0841,1.71,-0.0973,0.2372,0.0212,-0.1112,0.2529,0.0229,0.03952354337415096
0.0841,1.73,-0.2803,0.2319,0.0108,-0.3022,0.2462,0.0132,0.03828564695732552
0.0841,1.75,0.249,0.2495,0.0189,0.2607,0.2639,0.0195,0.037109833989517824
0.0841,1.77,-0.2657,0.2486,0.0146,-0.2818,0.262,0.0154,0.03599176445750646
0.0841,1.79,-0.1511,0.2515,0.0157,-0.1596,0.2645,0.0163,0.03492748792254653
0.0841,1.81,-0.5527,0.3129,0.0246,-0.5792,0.328,0.0251,0.03391340096663023
0.0841,1.83,-0.3698,0.3337,0.0208,-0.3859,0.3489,0.0222,0.032946210089006285
0.0841,1.85,-0.3956,0.2948,0.0508,-0.412,0.3074,0.052,0.03202289925597632
0.0841,1.87,-0.1814,0.3148,0.02,-0.188,0.3276,0.0183,0.03114070143742809
0.0841,1.89,-0.3699,0.359,0.0189,-0.3827,0.3729,0.0152,0.030297073570472826
0.0841,1.91,-0.5218,0.3978,0.0811,-0.5394,0.4124,0.0831,0.02948967447855022
0.0841,1.93,-2.096,1.9021,1.2218,-2.1696,1.9695,1.2624,0.028716345347097612
0.1005,1.11,0.0127,0.018,0.0123,0.0049,0.0493,0.0363,0.22222435773024446
0.1005,1.13,0.0008,0.0207,0.0086,-0.0373,0.0503,0.0288,0.2021947062367131
0.1005,1.15,-0.0251,0.0236,0.014,-0.0936,0.0518,0.0498,0.18520373148890412
0.1005,1.17,-0.1859,0.0254,0.0243,-0.3979,0.0511,0.0799,0.17061495881483948
0.1005,1.19,-0.3095,0.0278,0.0282,-0.5798,0.0521,0.1009,0.1579578569466703
0.1005,1.21,-0.4579,0.03,0.0247,-0.7958,0.0527,0.1083,0.14687707464437907
0.1005,1.23,-0.3698,0.0297,0.0299,-0.6144,0.0493,0.0951,0.13709923720222536
0.1005,1.25,-0.281,0.0286,0.0268,-0.4573,0.0452,0.0728,0.12841060253040826
0.1005,1.27,-0.1579,0.0287,0.023,-0.2637,0.0435,0.0564,0.12064164732809438
0.1005,1.29,-0.0897,0.0292,0.0185,-0.1604,0.0425,0.0405,0.11365619897995166
0.1005,1.31,-0.057,0.0282,0.0161,-0.1146,0.0397,0.0313,0.10734362244450267
0.1005,1.33,0.007,0.0293,0.0145,-0.0277,0.04,0.027,0.1016131051098822
0.1005,1.35,0.0447,0.031,0.013,0.0203,0.0412,0.0224,0.09638941054700617
0.1005,1.37,0.037,0.0161,0.0247,0.0063,0.021,0.0288,0.0916096788060693
0.1005,1.39,-0.0423,0.0334,0.0085,-0.0996,0.0423,0.0158,0.08722098421436483
0.1005,1.41,0.0188,0.0342,0.015,-0.0265,0.0424,0.0208,0.08317844940385705
0.1005,1.43,-0.0007,0.0354,0.0115,-0.0556,0.0432,0.016,0.07944377318000645
0.1005,1.45,-0.0279,0.041,0.0095,-0.0925,0.0493,0.0071,0.07598407003028208
0.1005,1.47,-0.0644,0.0427,0.0208,-0.1396,0.0506,0.0153,0.07277094693267518
0.1005,1.49,-0.0259,0.0451,0.0203,-0.09,0.0528,0.0124,0.06977976272295248
0.1005,1.51,-0.0516,0.0453,0.0199,-0.1099,0.0524,0.0138,0.06698902925062443
0.1005,1.53,0.0538,0.047,0.0194,0.0171,0.0538,0.013,0.06437992363737104
0.1005,1.55,-0.0076,0.0501,0.028,-0.0496,0.0568,0.0262,0.0619358883137951
0.1005,1.57,-0.0194,0.0553,0.0212,-0.0587,0.0623,0.019,0.059642300943286916
0.1005,1.59,0.0342,0.0633,0.0184,0.0065,0.0708,0.0177,0.05748620039130966
0.1005,1.61,-0.1128,0.0784,0.0196,-0.1515,0.087,0.0211,0.055456057945173415
0.1005,1.63,-0.2829,0.0926,0.0385,-0.3333,0.1019,0.0424,0.05354158530186893
0.1005,1.65,0.0092,0.089,0.0076,-0.0082,0.0974,0.0083,0.05173357261126752
0.1005,1.67,-0.299,0.0928,0.0151,-0.3404,0.101,0.0167,0.05002375122690946
0.1005,1.69,-0.1361,0.098,0.0071,-0.1591,0.106,0.0092,0.04840467687703853
0.1005,1.71,-0.064,0.0934,0.0261,-0.0778,0.1006,0.0288,0.04686962979813977
0.1005,1.73,-0.2586,0.0938,0.0199,-0.2838,0.1006,0.0223,0.04541252902651298
0.1005,1.75,-0.1331,0.0955,0.0082,-0.1468,0.102,0.0103,0.04402785856104479
0.1005,1.77,-0.0519,0.1032,0.0104,-0.0588,0.1098,0.0122,0.042710603522916876
0.1005,1.79,-0.1476,0.1072,0.0108,-0.1586,0.1136,0.0113,0.04145619476867451
0.1005,1.81,-0.1362,0.1036,0.0216,-0.1451,0.1094,0.0218,0.0402604606795465
0.1005,1.83,-0.0602,0.1034,0.0242,-0.0642,0.1089,0.0247,0.0391195850657211
0.1005,1.85,0.1107,0.1134,0.016,0.1161,0.1191,0.0162,0.03803007029991753
0.1005,1.87,-0.18,0.1166,0.014,-0.1886,0.1222,0.0146,0.03698870493819393
0.1005,1.89,-0.0446,0.1215,0.0174,-0.0461,0.127,0.0162,0.035992535203861455
0.1005,1.91,-0.173,0.1315,0.0202,-0.1795,0.1372,0.0196,0.03503883980763085
0.1005,1.93,-0.2678,0.1492,0.0264,-0.2771,0.1552,0.0249,0.034125107657653315
0.1005,1.95,-0.0465,0.1579,0.0393,-0.046,0.164,0.04,0.0332490180800624
0.1005,1.97,0.0332,0.1763,0.0359,0.0374,0.1828,0.037,0.03240842322648419
0.1005,1.99,-0.0122,0.1633,0.0333,-0.009,0.169,0.0315,0.03160133239175692
0.1005,2.01,-0.075,0.1899,0.0268,-0.0736,0.1962,0.0255,0.030825898004404436
0.1005,2.03,-0.1766,0.221,0.0277,-0.1788,0.2281,0.0268,0.03008040308554214
0.1005,2.05,0.2839,0.3877,0.0653,0.2961,0.3998,0.0647,0.029363249999916647
0.12,1.11,0.003,0.0195,0.0096,-0.0208,0.0563,0.0281,0.2543743624947734
0.12,1.13,-0.0133,0.0193,0.0114,-0.0756,0.0495,0.0339,0.23231247628749396
0.12,1.15,-0.0476,0.0218,0.0169,-0.1487,0.0512,0.0518,0.2134678070402454
0.12,1.17,-0.1657,0.0261,0.0245,-0.3742,0.056,0.0781,0.19719145015345876
0.12,1.19,-0.2683,0.0301,0.0288,-0.5309,0.0602,0.1017,0.1829977816323767
0.12,1.21,-0.4017,0.0342,0.028,-0.7331,0.0637,0.1095,0.17051615070758466
0.12,1.23,-0.336,0.0347,0.027,-0.5858,0.0609,0.0983,0.1594587642086744
0.12,1.25,-0.2806,0.034,0.0286,-0.4789,0.0564,0.0801,0.1495987660086561
0.12,1.27,-0.1181,0.0259,0.0279,-0.2128,0.0412,0.0534,0.14075492548079768
0.12,1.29,-0.0364,0.0339,0.0168,-0.0904,0.0516,0.0432,0.13278072150804002
0.12,1.31,-0.0128,0.0288,0.0168,-0.0573,0.0419,0.0336,0.12555641712391305
0.12,1.33,-0.0111,0.0276,0.016,-0.057,0.0391,0.0286,0.11898321064808855
0.12,1.35,-0.055,0.0277,0.0105,-0.1198,0.0381,0.0199,0.11297885515633087
0.12,1.37,0.0128,0.0299,0.0162,-0.0302,0.0402,0.0252,0.10747433351102396
0.12,1.39,0.0126,0.0315,0.0143,-0.0348,0.0412,0.0224,0.10241130367218879
0.12,1.41,-0.0024,0.0344,0.0162,-0.0588,0.0441,0.0226,0.09774011384807246
0.12,1.43,-0.0156,0.0348,0.0086,-0.0805,0.0437,0.0131,0.09341824451690943
0.12,1.45,-0.0231,0.038,0.0141,-0.0948,0.047,0.015,0.0894090739264648
0.12,1.47,0.0043,0.0437,0.0197,-0.0653,0.0532,0.0124,0.08568089134110378
0.12,1.49,0.0148,0.0497,0.0237,-0.0496,0.0596,0.0171,0.08220610191224773
0.12,1.51,0.1075,0.0572,0.045,0.0699,0.0679,0.0493,0.07896058112283086
0.12,1.53,0.0307,0.0668,0.027,-0.0155,0.0783,0.0238,0.07592314698097626
0.12,1.55,0.0311,0.0695,0.0864,-0.0118,0.0805,0.0977,0.07307512564828234
0.12,1.57,0.0533,0.0524,0.0225,0.017,0.0602,0.0467,0.07039999176160147
0.12,1.59,0.0193,0.0712,0.0322,-0.0159,0.0809,0.0322,0.06788306888345706
0.12,1.61,-0.1328,0.0923,0.0237,-0.1817,0.104,0.026,0.06551127867392871
0.12,1.63,0.0019,0.0941,0.0118,-0.0249,0.1052,0.0128,0.06327292978468298
0.12,1.65,-0.0447,0.091,0.0091,-0.0723,0.101,0.0096,0.061157539326599605
0.12,1.67,-0.0118,0.0936,0.0164,-0.032,0.1033,0.0182,0.059155681195752624
0.12,1.69,-0.1392,0.0966,0.0087,-0.1684,0.1059,0.0102,0.05725885666041986
0.12,1.71,-0.0334,0.0936,0.0075,-0.0486,0.1021,0.0088,0.05545938348958673
0.12,1.73,-0.0627,0.0924,0.0202,-0.0773,0.1002,0.0224,0.05375030059705107
0.12,1.75,0.0497,0.0931,0.0161,0.0469,0.1005,0.0178,0.052125285726671924
0.12,1.77,0.0241,0.0921,0.0154,0.0206,0.0991,0.0162,0.050578584145209764
0.12,1.79,0.0566,0.0935,0.0121,0.0566,0.1001,0.0134,0.04910494666365729
0.12,1.81,-0.149,0.0915,0.0121,-0.1619,0.0977,0.0118,0.04769957559439226
0.12,1.83,-0.1018,0.1033,0.013,-0.1107,0.1099,0.0128,0.04635807748409843
0.12,1.85,-0.0211,0.1066,0.016,-0.0242,0.113,0.0151,0.04507642165220114
0.12,1.87,-0.2617,0.1079,0.041,-0.2778,0.114,0.0418,0.04385090372013152
0.12,1.89,0.1328,0.1125,0.0295,0.1392,0.1185,0.0286,0.042678113444793525
0.12,1.91,0.0586,0.123,0.0192,0.0616,0.1293,0.0173,0.041554906275459366
0.12,1.93,-0.0393,0.1327,0.0198,-0.0407,0.1391,0.0169,0.04047837814116265
0.12,1.95,-0.0171,0.1399,0.0246,-0.0165,0.1463,0.0211,0.0394458430488315
0.12,1.97,-0.2016,0.1502,0.0276,-0.208,0.1567,0.0256,0.03845481313358305
0.12,1.99,-0.1643,0.1435,0.0247,-0.1681,0.1494,0.0222,0.037502980853927566
0.12,2.01,-0.0498,0.1661,0.023,-0.0486,0.1726,0.0181,0.03658820306783906
0.12,2.03,-0.0715,0.1809,0.0241,-0.0711,0.1878,0.0157,0.03570848676214077
0.143,1.11,0.0408,0.0214,0.0066,0.0965,0.0657,0.0247,0.2890374050569736
0.143,1.13,0.0012,0.0278,0.0103,-0.0361,0.0758,0.0381,0.26503781271447224
0.143,1.15,-0.0105,0.0283,0.035,-0.0569,0.0692,0.0986,0.24438359751722585
0.143,1.17,-0.1231,0.0247,0.05,-0.2929,0.0562,0.1112,0.22642860273150922
0.143,1.19,-0.3145,0.0346,0.0281,-0.6489,0.0722,0.1147,0.21068274861709696
0.143,1.21,-0.348,0.0344,0.0362,-0.6568,0.0665,0.1129,0.1967676025440005
0.143,1.23,-0.3686,0.0327,0.0294,-0.6681,0.0596,0.0939,0.18438630821990246
0.143,1.25,-0.1819,0.0303,0.0248,-0.3283,0.0523,0.0747,0.17330273667929558
0.143,1.27,-0.1617,0.0282,0.0218,-0.2941,0.0465,0.0559,0.16332672013627145
0.143,1.29,-0.1206,0.0273,0.0171,-0.2265,0.0431,0.0428,0.15430339422722678
0.143,1.31,-0.0413,0.0264,0.0135,-0.1032,0.0402,0.0307,0.1461053741727902
0.143,1.33,0.0218,0.0267,0.0104,-0.0129,0.0392,0.0233,0.13862692304821822
0.143,1.35,0.0132,0.0289,0.0071,-0.0291,0.0412,0.0178,0.13177954449780388
0.143,1.37,0.0196,0.0313,0.022,-0.0242,0.0434,0.0341,0.1254886098648507
0.143,1.39,0.0065,0.0334,0.013,-0.047,0.0451,0.021,0.11969074716390218
0.143,1.41,0.0455,0.0368,0.0059,-0.0002,0.0488,0.0126,0.11433179842827637
0.143,1.43,0.0828,0.0458,0.0128,0.0413,0.0592,0.0183,0.10936520614847317
0.143,1.45,0.0179,0.0539,0.0159,-0.0491,0.0686,0.0178,0.10475072720579014
0.143,1.47,-0.0492,0.0661,0.0332,-0.1385,0.0826,0.0355,0.10045339929673429
0.143,1.49,-0.0201,0.0574,0.0858,-0.0987,0.0705,0.1066,0.09644270385327793
0.143,1.51,0.0296,0.0558,0.0433,-0.0272,0.0672,0.0203,0.09269188321986153
0.143,1.53,0.1041,0.0628,0.0256,0.0667,0.0748,0.0239,0.08917737991547894
0.143,1.55,0.0102,0.0684,0.031,-0.0416,0.0807,0.0346,0.08587837325528395
0.143,1.57,0.0473,0.0699,0.03,0.0057,0.0815,0.0334,0.08277639416797465
0.143,1.59,-0.0163,0.0705,0.0177,-0.0628,0.0815,0.0183,0.07985500323806581
0.143,1.61,0.028,0.0871,0.0101,-0.0058,0.0997,0.0115,0.07709952019047371
0.143,1.63,-0.0442,0.0844,0.009,-0.0822,0.0957,0.0093,0.07449679547908687
0.143,1.65,0.0302,0.0908,0.0106,0.0064,0.1023,0.0118,0.07203501652924428
0.143,1.67,-0.0828,0.087,0.0157,-0.1163,0.0973,0.0174,0.06970354265335045
0.143,1.69,-0.0368,0.09,0.0104,-0.0607,0.1,0.0115,0.06749276381001612
0.143,1.71,-0.225,0.0889,0.0267,-0.2637,0.0981,0.0299,0.06539397928486917
0.143,1.73,0.0465,0.0893,0.02,0.0392,0.098,0.022,0.0633992930914027
0.143,1.75,-0.1253,0.0903,0.0099,-0.146,0.0986,0.01,0.061501523464996655
0.143,1.77,-0.0488,0.0935,0.0258,-0.0608,0.1016,0.0279,0.059694124284489586
0.143,1.79,-0.0695,0.0908,0.0114,-0.081,0.0982,0.0109,0.05797111662776743
0.143,1.81,-0.0868,0.0954,0.0132,-0.0982,0.1028,0.0118,0.05632702896951911
0.143,1.83,-0.1977,0.0977,0.0439,-0.2162,0.1048,0.0464,0.054756844775084246
0.143,1.85,-0.0726,0.102,0.0152,-0.081,0.109,0.0119,0.05325595644546286
0.143,1.87,-0.0415,0.0971,0.016,-0.0471,0.1034,0.0131,0.05182012473389971
0.143,1.89,-0.0068,0.1151,0.0388,-0.0095,0.1222,0.0398,0.05044544289093842
0.143,1.91,-0.1436,0.1255,0.0185,-0.1535,0.1328,0.0186,0.04912830490795399
0.143,1.93,-0.1053,0.1289,0.0239,-0.112,0.136,0.0248,0.04786537732327961
0.143,1.95,-0.0144,0.1317,0.0346,-0.0151,0.1387,0.0333,0.046653574133626974
0.143,1.97,-0.0489,0.1436,0.0248,-0.0503,0.1509,0.0228,0.045490034419354466
0.143,1.99,0.1635,0.1524,0.0287,0.1734,0.1596,0.026,0.044372102347512786
0.143,2.01,0.1052,0.1515,0.031,0.1125,0.1584,0.0254,0.04329730926331492
0.143,2.03,0.0516,0.3122,0.1244,0.0563,0.3259,0.1278,0.04226335762021429
0.1708,1.11,0.0057,0.0152,0.012,-0.0067,0.0486,0.0358,0.32686139227706623
0.1708,1.13,0.0064,0.0194,0.0076,-0.0178,0.0555,0.025,0.30105104144356987
0.1708,1.15,-0.0645,0.0205,0.018,-0.1985,0.0529,0.0557,0.278654394367468
0.1708,1.17,-0.139,0.0219,0.0253,-0.3444,0.0521,0.0807,0.25904470433630145
0.1708,1.19,-0.2574,0.0251,0.028,-0.5539,0.0555,0.1072,0.24173950972477734
0.1708,1.21,-0.3575,0.0268,0.0296,-0.7141,0.0554,0.1133,0.2263613859425638
0.1708,1.23,-0.3209,0.0283,0.0281,-0.6119,0.0547,0.104,0.2126108470820186
0.1708,1.25,-0.1821,0.0263,0.0236,-0.3434,0.0481,0.0745,0.20024722465705422
0.1708,1.27,-0.1128,0.0253,0.0188,-0.2237,0.044,0.0536,0.18907491195720613
0.1708,1.29,-0.0932,0.0262,0.0179,-0.1923,0.0438,0.0445,0.17893329594179583
0.1708,1.31,0.0163,0.0272,0.0117,-0.0174,0.0435,0.031,0.16968927273047957
0.1708,1.33,-0.0132,0.0291,0.0128,-0.0682,0.0448,0.0267,0.16123160495584596
0.1708,1.35,0.0079,0.0325,0.0071,-0.0413,0.0485,0.0182,0.1534666130225479
0.1708,1.37,0.0783,0.0372,0.0117,0.0574,0.0538,0.0211,0.1463148463459812
0.1708,1.39,0.0957,0.0407,0.0145,0.0736,0.0571,0.0223,0.1397084840463264
0.1708,1.41,-0.0354,0.0457,0.023,-0.1141,0.0625,0.033,0.13358928518782687
0.1708,1.43,0.0364,0.0312,0.0365,-0.0227,0.0416,0.0493,0.12790695763776644
0.1708,1.45,0.0894,0.0405,0.0218,0.0385,0.0531,0.0267,0.12261784909380112
0.1708,1.47,0.1295,0.0421,0.0235,0.0815,0.054,0.0213,0.11768388841581709
0.1708,1.49,0.0599,0.0415,0.0258,-0.0065,0.0524,0.0236,0.11307172315242771
0.1708,1.51,0.1041,0.0426,0.0223,0.058,0.053,0.0216,0.10875201211964257
0.1708,1.53,0.0769,0.0448,0.0296,0.0285,0.055,0.0333,0.10469884146227959
0.1708,1.55,0.0789,0.0461,0.0307,0.0347,0.0558,0.0339,0.10088923976669233
0.1708,1.57,0.0997,0.0526,0.0169,0.0622,0.0629,0.0229,0.09730277316563382
0.1708,1.59,0.0487,0.0504,0.0139,0.0066,0.0596,0.0176,0.09392120545492626
0.1708,1.61,0.0323,0.0499,0.0146,-0.0078,0.0584,0.0177,0.09072821136403013
0.1708,1.63,-0.0004,0.0523,0.0117,-0.04,0.0606,0.0138,0.08770913353146122
0.1708,1.65,-0.0131,0.0521,0.0171,-0.0499,0.0598,0.0199,0.08485077560799484
0.1708,1.67,0.0074,0.0537,0.0124,-0.0217,0.0612,0.0142,0.08214122537545446
0.1708,1.69,-0.0688,0.0548,0.0111,-0.1032,0.0619,0.0128,0.07956970292266931
0.1708,1.71,0.0301,0.0564,0.0103,0.0133,0.0633,0.0114,0.0771264298346075
0.1708,1.73,-0.0158,0.053,0.0128,-0.0338,0.0591,0.014,0.0748025160796803
0.1708,1.75,0.0325,0.0504,0.0095,0.0229,0.0559,0.0101,0.07258986186462876
0.1708,1.77,-0.029,0.0516,0.0102,-0.0429,0.0569,0.0117,0.07048107219741766
0.1708,1.79,-0.1043,0.0539,0.0143,-0.1234,0.0591,0.0151,0.06846938228010659
0.1708,1.81,-0.1479,0.0567,0.0166,-0.1692,0.0618,0.0189,0.06654859216423478
0.1708,1.83,-0.0508,0.0594,0.0226,-0.0621,0.0645,0.0247,0.06471300935522127
0.1708,1.85,-0.0324,0.0606,0.0146,-0.0411,0.0656,0.0161,0.06295739826087673
0.1708,1.87,0.0691,0.0594,0.0157,0.0689,0.064,0.0166,0.061276935551179953
0.1708,1.89,-0.0786,0.0599,0.0155,-0.0888,0.0643,0.0168,0.05966717063896489
0.1708,1.91,-0.0231,0.0616,0.0197,-0.0284,0.0659,0.0199,0.05812399060963169
0.1708,1.93,0.0026,0.0624,0.0169,0.0001,0.0665,0.0186,0.05664358902685647
0.1708,1.95,0.0139,0.0681,0.0191,0.0131,0.0723,0.0179,0.055222438124066846
0.1708,1.97,0.0104,0.066,0.0218,0.0105,0.0699,0.0207,0.05385726396102841
0.1708,1.99,-0.0668,0.068,0.0293,-0.0701,0.0718,0.031,0.05254502418354875
0.1708,2.01,-0.0842,0.0759,0.0202,-0.0875,0.08,0.0202,0.051282888073925066
0.1708,2.03,-0.0036,0.0799,0.0155,-0.0028,0.0841,0.0186,0.050068218621858535
0.1708,2.05,-0.1156,0.0837,0.0201,-0.1205,0.0878,0.0216,0.048898556381380694
0.1708,2.07,0.0238,0.0851,0.0208,0.0256,0.0891,0.0213,0.0477716049099055
0.1708,2.09,-0.1051,0.0896,0.0157,-0.1092,0.0937,0.0159,0.046685217611679174
0.1708,2.11,-0.069,0.094,0.019,-0.0715,0.0981,0.0197,0.04563738583034259
0.1708,2.13,0.0118,0.1043,0.0163,0.0126,0.1086,0.0197,0.04462622805462609
0.1708,2.15,0.1522,0.1003,0.0281,0.1586,0.1042,0.0286,0.04364998011784337
0.1708,2.17,0.0555,0.1052,0.0204,0.0578,0.1091,0.0214,0.04270698628624129
0.1708,2.19,0.1865,0.106,0.0186,0.1934,0.1098,0.0159,0.041795691143728816
0.1708,2.21,-0.0901,0.1087,0.0196,-0.0931,0.1124,0.0182,0.04091463219133485
0.1708,2.23,0.1276,0.124,0.0257,0.1319,0.1281,0.0253,0.04006243308916538
0.1708,2.25,-0.2182,0.1422,0.034,-0.2251,0.1467,0.0338,0.03923779747684675
0.1708,2.27,-0.0805,0.1393,0.0264,-0.0829,0.1435,0.0251,0.03843950331562141
0.1708,2.29,0.3208,0.2182,0.2101,0.3303,0.2247,0.2158,0.0376663977015496
0.2042,1.11,0.0156,0.0139,0.0127,0.0292,0.0468,0.0412,0.3673020888371278
0.2042,1.13,0.0061,0.0176,0.0139,-0.0121,0.0528,0.0445,0.33991090677879715
0.2042,1.15,-0.0234,0.0203,0.0151,-0.0867,0.0556,0.0474,0.3159300271166443
0.2042,1.17,-0.1279,0.0265,0.0221,-0.3264,0.0667,0.0851,0.2947690812872047
0.2042,1.19,-0.2398,0.0307,0.0252,-0.5336,0.0709,0.1077,0.2759662130478363
0.2042,1.21,-0.2775,0.0344,0.0268,-0.5689,0.0746,0.1139,0.2591549289716033
0.2042,1.23,-0.3184,0.0394,0.0266,-0.6317,0.0801,0.1127,0.24404070582253107
0.2042,1.25,-0.1892,0.0412,0.0269,-0.3685,0.0789,0.09,0.2303841611619318
0.2042,1.27,-0.095,0.0384,0.0222,-0.1985,0.07,0.0657,0.21798873485514156
0.2042,1.29,0.0075,0.0383,0.0184,-0.0229,0.0669,0.0486,0.20669153122940193
0.2042,1.31,-0.0561,0.044,0.0136,-0.1392,0.0729,0.0358,0.1963564145986212
0.2042,1.33,0.0729,0.0383,0.0181,0.0634,0.061,0.0338,0.18686873679116006
0.2042,1.35,0.028,0.0318,0.0061,-0.0128,0.0489,0.0136,0.17813126371145108
0.2042,1.37,0.0509,0.0314,0.008,0.0166,0.0469,0.0151,0.1700609944471046
0.2042,1.39,-0.0089,0.0318,0.016,-0.0768,0.0462,0.0249,0.1625866528118092
0.2042,1.41,0.0278,0.0328,0.0097,-0.0301,0.0463,0.0155,0.15564669113764196
0.2042,1.43,0.0442,0.0344,0.0346,-0.0146,0.0474,0.0479,0.14918768830488138
0.2042,1.45,0.0146,0.0395,0.0356,-0.063,0.0534,0.0471,0.14316305407813118
0.2042,1.47,0.0907,0.0447,0.0226,0.0301,0.0592,0.0226,0.13753197353881563
0.2042,1.49,0.1207,0.046,0.0286,0.0683,0.0598,0.0304,0.13225854126979775
0.2042,1.51,0.0657,0.0515,0.0254,0.0048,0.0659,0.0307,0.12731104666091325
0.2042,1.53,0.0241,0.0521,0.0219,-0.0412,0.0654,0.0303,0.12266138043814194
0.2042,1.55,0.0678,0.0517,0.0207,0.0158,0.0641,0.0295,0.11828453909271834
0.2042,1.57,0.063,0.0503,0.0178,0.0132,0.0614,0.0247,0.11415820887756771
0.2042,1.59,0.1191,0.0464,0.0165,0.0853,0.056,0.0196,0.11026241485930546
0.2042,1.61,0.0467,0.048,0.0106,0.0032,0.0573,0.016,0.1065792234617813
0.2042,1.63,0.0847,0.0468,0.0109,0.0527,0.0552,0.014,0.10309248922797361
0.2042,1.65,-0.0618,0.0514,0.0163,-0.1145,0.0601,0.0209,0.09978763831968117
0.2042,1.67,-0.0623,0.0554,0.0194,-0.1091,0.0642,0.0235,0.09665148268645005
0.2042,1.69,0.0052,0.0543,0.0206,-0.0254,0.0625,0.024,0.09367205995425301
0.2042,1.71,-0.1007,0.053,0.0107,-0.1404,0.0604,0.0122,0.090838494976599
0.2042,1.73,0.021,0.0532,0.0098,0.0031,0.0602,0.0101,0.08814087970599024
0.2042,1.75,0.0056,0.0541,0.0095,-0.0108,0.0609,0.0086,0.08557016862010337
0.2042,1.77,0.053,0.0557,0.013,0.0448,0.0622,0.0129,0.08311808740404109
0.2042,1.79,-0.0375,0.0584,0.0143,-0.0539,0.0649,0.0143,0.08077705297010611
0.2042,1.81,-0.0397,0.0567,0.0129,-0.0543,0.0626,0.0113,0.07854010320738163
0.2042,1.83,-0.1375,0.0573,0.0141,-0.161,0.063,0.0126,0.07640083510871085
0.2042,1.85,0.0139,0.0585,0.0155,0.0062,0.0639,0.0145,0.07435335013325686
0.2042,1.87,-0.0498,0.0594,0.0155,-0.0624,0.0647,0.0151,0.0723922058372306
0.2042,1.89,-0.0632,0.0621,0.0205,-0.0757,0.0673,0.0211,0.07051237295037713
0.2042,1.91,-0.072,0.06,0.0188,-0.0837,0.0648,0.0194,0.06870919719681409
0.2042,1.93,-0.0658,0.0619,0.0186,-0.0758,0.0666,0.0175,0.06697836526015703
0.2042,1.95,0.0077,0.0634,0.0199,0.0046,0.068,0.0206,0.06531587437802708
0.2042,1.97,-0.0413,0.0668,0.0222,-0.0467,0.0714,0.0216,0.06371800512284288
0.2042,1.99,0.0257,0.0769,0.024,0.0262,0.082,0.0233,0.062181296986532
0.2042,2.01,-0.0639,0.0808,0.0185,-0.0686,0.0858,0.0201,0.06070252643832659
0.2042,2.03,-0.1167,0.0938,0.0165,-0.1244,0.0994,0.0208,0.0592786871686555
0.2042,2.05,-0.0568,0.0738,0.0164,-0.0608,0.078,0.0171,0.05790697226956343
0.2042,2.07,0.0227,0.0774,0.0169,0.0231,0.0816,0.0175,0.05658475813410558
0.2042,2.09,-0.1462,0.0868,0.0202,-0.1548,0.0913,0.0225,0.05530958988463894
0.2042,2.11,0.0482,0.0875,0.0196,0.0496,0.0918,0.017,0.05407916816356138
0.2042,2.13,-0.1436,0.0912,0.0221,-0.1513,0.0955,0.0214,0.052891337140427375
0.2042,2.15,-0.0279,0.0975,0.0164,-0.0301,0.102,0.0163,0.05174407360698265
0.2042,2.17,0.2054,0.0972,0.0211,0.2133,0.1014,0.024,0.0506354770469216
0.2042,2.19,-0.043,0.1018,0.0179,-0.0459,0.106,0.0151,0.0495637605804222
0.2042,2.21,-0.1777,0.1107,0.0194,-0.1859,0.1151,0.0197,0.04852724269504635
0.2042,2.23,-0.04,0.1096,0.0159,-0.0426,0.1138,0.0141,0.047524339684649995
0.2042,2.25,0.1065,0.1112,0.0355,0.1093,0.1153,0.0355,0.046553558726736666
0.2042,2.27,0.0565,0.1069,0.0401,0.0574,0.1107,0.0393,0.0456134915363834
0.2436,1.11,-0.0012,0.0237,0.0137,-0.0238,0.0784,0.0422,0.4091740627596034
0.2436,1.13,-0.0022,0.0139,0.0298,-0.0337,0.0438,0.1109,0.38053839539760664
0.2436,1.15,-0.0533,0.0323,0.0102,-0.1736,0.0915,0.0446,0.35523374967581833
0.2436,1.17,-0.1296,0.0249,0.0611,-0.3241,0.0645,0.1397,0.33272068018678225
0.2436,1.19,-0.1718,0.0406,0.0284,-0.3912,0.0969,0.1007,0.31256990880069613
0.2436,1.21,-0.3282,0.0376,0.0328,-0.7034,0.0837,0.1,0.2944355830208894
0.2436,1.23,-0.256,0.0339,0.0224,-0.5232,0.0715,0.0774,0.27803596226655647
0.2436,1.25,-0.1493,0.0336,0.0206,-0.3036,0.067,0.0701,0.263139231540794
0.2436,1.27,-0.0772,0.0286,0.0149,-0.1732,0.054,0.0448,0.2495529217364186
0.2436,1.29,-0.0182,0.0263,0.0138,-0.0712,0.0476,0.0358,0.23711591035377672
0.2436,1.31,0.0134,0.0249,0.0096,-0.0246,0.0431,0.0226,0.22569229708168065
0.2436,1.33,0.0237,0.0244,0.0079,-0.0152,0.0407,0.0152,0.21516666087609015
0.2436,1.35,0.0482,0.0245,0.006,0.0182,0.0395,0.0092,0.2054403481682193
0.2436,1.37,0.0539,0.0289,0.0138,0.0201,0.0451,0.021,0.1964285398341259
0.2436,1.39,0.0674,0.0311,0.0085,0.0346,0.0471,0.0123,0.18805791276232678
0.2436,1.41,0.0536,0.0337,0.0264,0.0055,0.0494,0.0392,0.18026476000130445
0.2436,1.43,0.1264,0.0361,0.029,0.1016,0.0517,0.0395,0.17299346790245618
0.2436,1.45,0.1158,0.0413,0.0105,0.0751,0.0577,0.0094,0.16619527360191025
0.2436,1.47,0.0499,0.0453,0.022,-0.0267,0.062,0.023,0.15982724443568358
0.2436,1.49,0.169,0.0495,0.0237,0.1326,0.0663,0.0314,0.1538514343865047
0.2436,1.51,0.2754,0.053,0.0251,0.2772,0.0697,0.0372,0.1482341827507144
0.2436,1.53,0.1047,0.0495,0.0235,0.0558,0.0639,0.0346,0.14294552782265457
0.2436,1.55,0.0992,0.0476,0.0226,0.0511,0.0606,0.0309,0.13795871418171568
0.2436,1.57,0.0507,0.0469,0.0194,-0.0081,0.0589,0.0275,0.1332497766055286
0.2436,1.59,0.1434,0.0476,0.0164,0.1105,0.059,0.0248,0.12879718706242324
0.2436,1.61,0.036,0.0502,0.0135,-0.0175,0.0614,0.0219,0.12458155390566392
0.2436,1.63,-0.0024,0.0499,0.0097,-0.0587,0.0602,0.0176,0.12058536448385748
0.2436,1.65,-0.0116,0.0504,0.0113,-0.065,0.0603,0.0175,0.11679276403187526
0.2436,1.67,0.0519,0.053,0.016,0.0158,0.0627,0.0217,0.113189365015993
0.2436,1.69,0.1017,0.0548,0.0133,0.08,0.0643,0.0177,0.10976208215209537
0.2436,1.71,0.0527,0.0533,0.0117,0.0291,0.062,0.0143,0.10649898915465622
0.2436,1.73,0.0476,0.0556,0.0129,0.0284,0.0641,0.0139,0.10338919395105689
0.2436,1.75,0.0148,0.0476,0.0153,-0.0054,0.0545,0.0155,0.10042272964467745
0.2436,1.77,0.0567,0.0486,0.0109,0.0453,0.0553,0.0091,0.09759045895742371
0.2436,1.79,-0.0555,0.054,0.0118,-0.0791,0.061,0.0084,0.09488399024842872
0.2436,1.81,-0.0964,0.0551,0.0122,-0.1228,0.0618,0.0107,0.09229560350662705
0.2436,1.83,0.1022,0.0569,0.017,0.1001,0.0635,0.0162,0.08981818496336662
0.2436,1.85,-0.0419,0.0534,0.0159,-0.0592,0.0593,0.0164,0.08744516917717172
0.2436,1.87,-0.0653,0.0589,0.0169,-0.0838,0.065,0.0131,0.08517048761413785
0.2436,1.89,-0.0134,0.0596,0.016,-0.0253,0.0654,0.0158,0.08298852289055572
0.2436,1.91,0.0673,0.0612,0.0199,0.0645,0.067,0.0185,0.08089406796431005
0.2436,1.93,-0.0176,0.0668,0.0194,-0.027,0.0728,0.0198,0.07888228966247392
0.2436,1.95,0.0038,0.0692,0.0183,-0.0024,0.0751,0.017,0.0769486960176267
0.2436,1.97,-0.0266,0.0781,0.019,-0.0336,0.0845,0.0198,0.07508910695746418
0.2436,1.99,-0.0319,0.0788,0.0231,-0.0379,0.0849,0.0244,0.07329962795342358
0.2436,2.01,0.0315,0.0725,0.0187,0.0308,0.0778,0.0185,0.07157662628612182
0.2436,2.03,-0.0212,0.0708,0.024,-0.0257,0.0758,0.0221,0.06991670962986711
0.2436,2.05,0.0387,0.0731,0.0167,0.0383,0.078,0.017,0.06831670669657555
0.2436,2.07,-0.0402,0.081,0.0199,-0.0457,0.0862,0.0187,0.06677364971210431
0.2436,2.09,-0.0072,0.0769,0.0298,-0.0106,0.0816,0.031,0.06528475852614096
0.2436,2.11,-0.106,0.079,0.0184,-0.115,0.0836,0.0147,0.06384742618105617
0.2436,2.13,0.0341,0.0896,0.0271,0.0333,0.0946,0.028,0.062459205786113116
0.2436,2.15,-0.0138,0.0908,0.0169,-0.0173,0.0956,0.0155,0.06111779856161945
0.2436,2.17,0.0462,0.0877,0.0164,0.0457,0.0922,0.0145,0.05982104293341245
0.2436,2.19,0.0527,0.0806,0.0258,0.0526,0.0845,0.0244,0.05856690457182739
0.2436,2.21,0.2246,0.0883,0.0232,0.2324,0.0925,0.0206,0.05735346728130509
0.2436,2.23,-0.1107,0.0997,0.0165,-0.1183,0.1042,0.0145,0.05617892465728993
0.2436,2.25,-0.044,0.0902,0.0207,-0.0486,0.0941,0.0182,0.055041572436263494
0.2436,2.27,0.2414,0.1235,0.0373,0.2491,0.1287,0.0351,0.05393980147282845
0.2904,1.11,0.0056,0.0239,0.0138,0.0022,0.0825,0.0539,0.4522338478565241
0.2904,1.13,0.023,0.022,0.0139,0.0503,0.0696,0.0499,0.42274086501934005
0.2904,1.15,-0.0635,0.0233,0.0157,-0.198,0.067,0.048,0.39642580419111634
0.2904,1.17,-0.1032,0.0242,0.0188,-0.2708,0.0649,0.0662,0.3728116313414018
0.2904,1.19,-0.2175,0.026,0.0176,-0.5165,0.0648,0.0721,0.3515118654783553
0.2904,1.21,-0.2354,0.0271,0.0208,-0.5169,0.0638,0.0763,0.33221008268569924
0.2904,1.23,-0.2081,0.0271,0.0229,-0.4389,0.0597,0.0713,0.3146447450468906
0.2904,1.25,-0.1583,0.0271,0.0166,-0.3363,0.0568,0.0552,0.29859780751765347
0.2904,1.27,-0.0895,0.0279,0.017,-0.2026,0.0555,0.0439,0.28388604894102987
0.2904,1.29,0.0036,0.0299,0.0132,-0.0312,0.0567,0.0305,0.27035439645848464
0.2904,1.31,-0.0113,0.0315,0.0145,-0.0708,0.0571,0.0259,0.2578707283239882
0.2904,1.33,0.053,0.0281,0.0154,0.0353,0.0488,0.0248,0.24632178676834818
0.2904,1.35,0.019,0.0271,0.0095,-0.0313,0.0456,0.0105,0.23560993384203696
0.2904,1.37,0.0666,0.0353,0.0079,0.0421,0.0573,0.0082,0.22565055415804647
0.2904,1.39,0.0805,0.0361,0.0089,0.0556,0.0567,0.0113,0.21636995890204486
0.2904,1.41,0.05,0.0382,0.0079,0.0008,0.0582,0.0095,0.20770368177726123
0.2904,1.43,0.1293,0.0398,0.0091,0.11,0.0591,0.0116,0.19959508398023404
0.2904,1.45,0.1084,0.0456,0.011,0.0674,0.0661,0.0162,0.1919942047560358
0.2904,1.47,0.1817,0.047,0.0201,0.159,0.0666,0.0293,0.18485680854561395
0.2904,1.49,0.2295,0.0469,0.0221,0.2184,0.0649,0.0328,0.17814359059546325
0.2904,1.51,0.2407,0.0445,0.0244,0.234,0.0605,0.0344,0.17181951112318208
0.2904,1.53,0.184,0.0427,0.0238,0.1579,0.0571,0.0345,0.1658532344130347
0.2904,1.55,0.1574,0.0444,0.0267,0.1227,0.0583,0.0384,0.1602166540503793
0.2904,1.57,0.1541,0.0476,0.0277,0.1184,0.0615,0.0423,0.15488448925331988
0.2904,1.59,0.1373,0.0478,0.0197,0.0983,0.0609,0.0332,0.14983394018827575
0.2904,1.61,0.1341,0.0462,0.0154,0.0961,0.058,0.0253,0.14504439245841166
0.2904,1.63,0.1432,0.0466,0.02,0.1107,0.0578,0.0283,0.1404971627753073
0.2904,1.65,0.0454,0.0496,0.0167,-0.0066,0.0608,0.0257,0.13617527927391382
0.2904,1.67,0.0273,0.0514,0.0101,-0.0231,0.0623,0.0203,0.13206329109117992
0.2904,1.69,0.0136,0.0527,0.0154,-0.0326,0.0633,0.0233,0.12814710276250835
0.2904,1.71,0.0506,0.0495,0.0135,0.0196,0.0587,0.0182,0.1244138297455234
0.2904,1.73,0.1366,0.0485,0.0102,0.1274,0.0571,0.0118,0.12085167199460364
0.2904,1.75,0.0126,0.0483,0.0089,-0.0139,0.0564,0.0067,0.11744980301104718
0.2904,1.77,0.1223,0.0515,0.0172,0.1172,0.0597,0.0173,0.11419827220506255
0.2904,1.79,0.1243,0.0553,0.0157,0.1217,0.0636,0.0151,0.11108791874464642
0.2904,1.81,0.0407,0.0579,0.0148,0.0274,0.0661,0.0117,0.10811029534672813
0.2904,1.83,-0.0734,0.0609,0.0165,-0.1013,0.0692,0.0143,0.10525760069876167
0.2904,1.85,0.0433,0.0631,0.0178,0.0319,0.0712,0.0175,0.10252261939300754
0.2904,1.87,-0.0824,0.0676,0.0174,-0.1084,0.0758,0.0123,0.09989866841810642
0.2904,1.89,-0.063,0.0649,0.0189,-0.0845,0.0723,0.0183,0.09737954938885153
0.2904,1.91,-0.0026,0.0589,0.0176,-0.0158,0.0654,0.0141,0.09495950580988273
0.2904,1.93,0.0519,0.0713,0.019,0.046,0.0788,0.0193,0.09263318476605333
0.2904,1.95,-0.0806,0.0629,0.0196,-0.0983,0.0691,0.0158,0.09039560251446427
0.2904,1.97,0.0721,0.0668,0.0217,0.0706,0.0732,0.0203,0.08824211352309014
0.2904,1.99,-0.0331,0.066,0.0175,-0.0428,0.072,0.0152,0.08616838256054236
0.2904,2.01,0.1002,0.0619,0.0194,0.1029,0.0672,0.0176,0.08417035949249618
0.2904,2.03,0.0314,0.0718,0.0157,0.028,0.0777,0.015,0.0822442564840122
0.2904,2.05,0.0276,0.0722,0.0163,0.024,0.0779,0.0146,0.0803865273445521
0.2904,2.07,0.056,0.0731,0.0189,0.0546,0.0786,0.0149,0.07859384878485753
0.2904,2.09,-0.135,0.0728,0.0244,-0.1502,0.078,0.022,0.07686310338282429
0.2904,2.11,-0.0132,0.0751,0.0152,-0.0195,0.0803,0.0123,0.07519136407971344
0.2904,2.13,-0.0011,0.0767,0.0183,-0.0065,0.0818,0.017,0.07357588004904991
0.2904,2.15,-0.0255,0.0814,0.019,-0.0324,0.0865,0.0175,0.0720140637988293
0.2904,2.17,0.0461,0.0837,0.0207,0.0438,0.0888,0.0178,0.07050347938357915
0.2904,2.19,-0.0402,0.0762,0.0333,-0.0476,0.0806,0.032,0.06904183161672682
0.2904,2.21,0.0195,0.0874,0.0395,0.0156,0.0923,0.04,0.067626956185897
0.2904,2.23,-0.1206,0.1086,0.0222,-0.1319,0.1144,0.0203,0.06625681058443256
0.2904,2.25,-0.0087,0.1194,0.0407,-0.014,0.1255,0.0413,0.06492946578180667
0.2904,2.27,0.0556,0.1676,0.046,0.0537,0.1759,0.042,0.06364309856384315
0.3466,1.11,0.0072,0.0166,0.0158,0.012,0.0594,0.0547,0.4963158258475521
0.3466,1.13,0.0072,0.0223,0.0126,0.0053,0.0719,0.0363,0.46639578409286886
0.3466,1.15,-0.0212,0.0249,0.0118,-0.0735,0.0737,0.0371,0.43943189827448376
0.3466,1.17,-0.0787,0.0265,0.0141,-0.2099,0.0736,0.0478,0.41501742640135897
0.3466,1.19,-0.1519,0.0298,0.0166,-0.3584,0.0763,0.0603,0.39281657751976073
0.3466,1.21,-0.2506,0.0301,0.0161,-0.5716,0.073,0.0618,0.3725497061267932
0.3466,1.23,-0.2095,0.0299,0.0157,-0.4588,0.0682,0.0499,0.3539820644440468
0.3466,1.25,-0.0892,0.0284,0.0237,-0.1957,0.0613,0.0609,0.33691515356293245
0.3466,1.27,-0.0534,0.0271,0.0523,-0.1344,0.0556,0.104,0.3211799989279863
0.3466,1.29,-0.0085,0.0276,0.0088,-0.0541,0.0544,0.0181,0.3066318685515058
0.3466,1.31,-0.0151,0.0292,0.0145,-0.0794,0.0551,0.0292,0.29314608534545317
0.3466,1.33,0.0967,0.0327,0.0109,0.1158,0.0591,0.0133,0.28061467801230683
0.3466,1.35,0.0759,0.0313,0.0106,0.0665,0.0545,0.0126,0.26894368095048243
0.3466,1.37,0.1024,0.0341,0.0099,0.1042,0.0575,0.0139,0.2580509410603886
0.3466,1.39,0.0589,0.036,0.0076,0.0227,0.0588,0.0113,0.24786432382049242
0.3466,1.41,0.0537,0.036,0.0115,0.0065,0.0569,0.0181,0.23832023635021427
0.3466,1.43,0.0407,0.0355,0.0092,-0.0218,0.0546,0.0134,0.2293624040004884
0.3466,1.45,0.0899,0.0383,0.0105,0.0426,0.0575,0.0157,0.22094085112695072
0.3466,1.47,0.1894,0.0413,0.0193,0.1758,0.0606,0.0292,0.21301104737891638
0.3466,1.49,0.2044,0.0443,0.022,0.1875,0.0634,0.0383,0.20553318898446396
0.3466,1.51,0.2088,0.0447,0.0237,0.1918,0.0628,0.0426,0.19847159077754056
0.3466,1.53,0.2598,0.0416,0.0277,0.2614,0.0572,0.0441,0.19179416956776818
0.3466,1.55,0.1554,0.0407,0.0261,0.1176,0.0551,0.0393,0.18547200324193097
0.3466,1.57,0.0986,0.0439,0.0207,0.0414,0.0584,0.0364,0.17947895296204744
0.3466,1.59,0.0531,0.0393,0.037,-0.018,0.0516,0.0358,0.17379133817753906
0.3466,1.61,0.1049,0.0446,0.0212,0.0523,0.0576,0.0341,0.16838765604006067
0.3466,1.63,0.0517,0.0442,0.0146,-0.0137,0.0564,0.0292,0.16324833830613306
0.3466,1.65,0.0532,0.0463,0.02,-0.0083,0.0582,0.0313,0.1583555400162848
0.3466,1.67,0.0582,0.0484,0.0159,0.0031,0.0602,0.0281,0.15369295521234697
0.3466,1.69,0.0986,0.0521,0.0188,0.0613,0.064,0.0298,0.14924565574492732
0.3466,1.71,0.1659,0.0491,0.0173,0.1514,0.0597,0.0243,0.1449999498682043
0.3466,1.73,0.1331,0.0516,0.012,0.1184,0.0622,0.0166,0.14094325784809528
0.3466,1.75,0.1141,0.0586,0.0182,0.1008,0.07,0.0208,0.13706400224536264
0.3466,1.77,0.0939,0.0584,0.0164,0.0805,0.069,0.0164,0.13335151089530528
0.3466,1.79,0.097,0.056,0.0234,0.0876,0.0657,0.024,0.12979593090457767
0.3466,1.81,-0.0672,0.0589,0.0207,-0.1017,0.0685,0.0194,0.12638815223472108
0.3466,1.83,0.0648,0.0561,0.017,0.052,0.0649,0.014,0.12311973965025615
0.3466,1.85,0.0517,0.0598,0.0208,0.0381,0.0686,0.0196,0.1199828719839522
0.3466,1.87,0.0327,0.0582,0.0184,0.0171,0.0663,0.0156,0.11697028781904367
0.3466,1.89,0.0923,0.0572,0.0181,0.0862,0.0649,0.0139,0.11407523681246533
0.3466,1.91,0.084,0.066,0.0204,0.0778,0.0744,0.0205,0.11129143598850487
0.3466,1.93,0.0989,0.0646,0.02,0.0958,0.0725,0.0193,0.10861303042178916
0.3466,1.95,0.0146,0.0624,0.0184,0.0029,0.0695,0.0132,0.10603455780481581
0.3466,1.97,0.0277,0.0712,0.0324,0.0193,0.0791,0.0337,0.10355091646045923
0.3466,1.99,0.0482,0.0682,0.0301,0.0431,0.0753,0.0309,0.10115733641576766
0.3466,2.01,-0.0065,0.0599,0.0298,-0.0165,0.0659,0.0281,0.09884935320139392
0.3466,2.03,-0.038,0.0662,0.0226,-0.0509,0.0725,0.0198,0.09662278408237007
0.3466,2.05,-0.0309,0.0683,0.0424,-0.0427,0.0746,0.0441,0.09447370646166045
0.3466,2.07,0.0638,0.0604,0.0263,0.0605,0.0656,0.0241,0.09239843822884562
0.3466,2.09,0.034,0.0689,0.0209,0.0282,0.0748,0.0166,0.09039351985311489
0.3466,2.11,0.1,0.0747,0.0188,0.0995,0.0807,0.0162,0.0884556980430662
0.3466,2.13,-0.0115,0.0739,0.0248,-0.0206,0.0795,0.0243,0.0865819108161321
0.3466,2.15,0.0967,0.073,0.0165,0.0958,0.0784,0.0116,0.08476927383819206
0.3466,2.17,-0.0701,0.0962,0.0226,-0.0829,0.103,0.0222,0.08301506790945402
0.3466,2.19,0.1811,0.098,0.0285,0.1856,0.1047,0.0276,0.08131672748629197
0.3466,2.21,0.0028,0.1015,0.0367,-0.0045,0.1081,0.0364,0.07967183014067813
0.3466,2.23,0.2641,0.1409,0.0657,0.2734,0.1499,0.0685,0.07807808686935928
0.3466,2.25,0.6178,0.4375,0.3743,0.6485,0.4641,0.3925,0.0765333331741963
0.4139,1.11,0.0018,0.0135,0.0196,-0.0032,0.048,0.0813,0.5405894983260109
0.4139,1.13,-0.0023,0.0166,0.0077,-0.0217,0.0545,0.0256,0.5107066685458823
0.4139,1.15,-0.0607,0.0224,0.0249,-0.1906,0.0674,0.0767,0.483502250210903
0.4139,1.17,-0.1111,0.0256,0.0109,-0.3019,0.0719,0.0352,0.4586425766006978
0.4139,1.19,-0.1677,0.0306,0.0083,-0.4073,0.0803,0.0366,0.4358467795325966
0.4139,1.21,-0.1845,0.0326,0.0145,-0.4164,0.0802,0.0419,0.4148767634418643
0.4139,1.23,-0.1783,0.0351,0.0089,-0.3954,0.0822,0.034,0.39552937929605236
0.4139,1.25,-0.0958,0.0338,0.011,-0.2144,0.0748,0.0279,0.3776302551663217
0.4139,1.27,-0.0612,0.0341,0.0095,-0.1536,0.0722,0.0195,0.3610288883298637
0.4139,1.29,-0.0524,0.0343,0.0115,-0.1439,0.0693,0.0212,0.3455947079272501
0.4139,1.31,0.0171,0.0311,0.0107,-0.0164,0.06,0.0182,0.33121389144982416
0.4139,1.33,0.0312,0.0305,0.0114,-0.0027,0.0568,0.0183,0.31778677192692706
0.4139,1.35,0.1072,0.0309,0.014,0.124,0.0556,0.0231,0.30522571181450525
0.4139,1.37,0.071,0.0352,0.0112,0.0517,0.061,0.0218,0.29345334846577836
0.4139,1.39,0.0863,0.0319,0.01,0.068,0.0534,0.0175,0.28240113759139335
0.4139,1.41,0.0576,0.0305,0.0129,0.0133,0.0498,0.0208,0.27200813731345097
0.4139,1.43,0.1492,0.0353,0.0112,0.15,0.0559,0.0236,0.2622199877119143
0.4139,1.45,0.1329,0.0367,0.0117,0.11,0.0566,0.0249,0.25298805017084947
0.4139,1.47,0.2067,0.0407,0.0223,0.2054,0.0614,0.0409,0.24426867808891778
0.4139,1.49,0.2561,0.0436,0.0262,0.2644,0.0642,0.0504,0.2360225961568309
0.4139,1.51,0.2275,0.0434,0.0249,0.2181,0.0626,0.0457,0.22821436981556517
0.4139,1.53,0.2269,0.0459,0.0282,0.216,0.0649,0.0593,0.22081194998276915
0.4139,1.55,0.1345,0.0423,0.0228,0.0856,0.0586,0.0455,0.2137862808872478
0.4139,1.57,0.1642,0.0422,0.0229,0.1251,0.0576,0.0408,0.20711096104527155
0.4139,1.59,0.1408,0.0368,0.0251,0.0919,0.0493,0.0334,0.20076194917091592
0.4139,1.61,0.1652,0.0416,0.0238,0.1241,0.0551,0.0371,0.19471730822962668
0.4139,1.63,0.0773,0.0465,0.0331,0.0093,0.0606,0.0488,0.1889569819918375
0.4139,1.65,0.0933,0.0536,0.0186,0.0317,0.0691,0.0355,0.18346259937746126
0.4139,1.67,0.0459,0.0617,0.0269,-0.0235,0.0784,0.0505,0.17821730264571714
0.4139,1.69,0.0196,0.0598,0.0251,-0.0463,0.0749,0.0412,0.17320559611187808
0.4139,1.71,0.1007,0.0569,0.0275,0.0647,0.0706,0.0392,0.1684132125897208
0.4139,1.73,0.0511,0.0535,0.0088,0.013,0.0658,0.0167,0.16382699518672436
0.4139,1.75,0.0751,0.0598,0.0184,0.0492,0.0728,0.0235,0.1594347924350675
0.4139,1.77,0.0318,0.0539,0.0104,0.0026,0.0648,0.0083,0.1552253650385167
0.4139,1.79,0.0389,0.0515,0.0158,0.0156,0.0615,0.0129,0.15118830276402928
0.4139,1.81,0.0849,0.0545,0.0213,0.073,0.0645,0.0196,0.1473139502158883
0.4139,1.83,0.092,0.0508,0.0152,0.0816,0.0597,0.0106,0.14359334040637647
0.4139,1.85,0.0224,0.0586,0.0206,0.0009,0.0684,0.0193,0.14001813518599998
0.4139,1.87,0.008,0.0563,0.0307,-0.0145,0.0652,0.0316,0.13658057172267463
0.4139,1.89,0.053,0.0515,0.0166,0.0386,0.0593,0.0103,0.13327341432683218
0.4139,1.91,-0.0357,0.0638,0.0159,-0.0614,0.0729,0.013,0.13008991101116457
0.4139,1.93,0.0042,0.0611,0.0215,-0.0139,0.0694,0.0182,0.1270237542522376
0.4139,1.95,0.0444,0.0698,0.0164,0.0332,0.0789,0.0133,0.1240690454885528
0.4139,1.97,0.0407,0.0687,0.0165,0.0308,0.0773,0.0148,0.1212202629475679
0.4139,1.99,0.0103,0.0646,0.0252,-0.0017,0.0722,0.023,0.11847223244412766
0.4139,2.01,-0.0417,0.0611,0.0192,-0.0593,0.0681,0.0137,0.11582010083592553
0.4139,2.03,0.1116,0.0673,0.0196,0.111,0.0746,0.0153,0.11325931185900952
0.4139,2.05,0.0217,0.0627,0.0174,0.0117,0.0692,0.0117,0.11078558409881452
0.4139,2.07,0.1424,0.0685,0.023,0.1445,0.0753,0.0216,0.10839489088045189
0.4139,2.09,0.0433,0.0636,0.0215,0.0357,0.0696,0.0182,0.10608344188662264
0.4139,2.11,0.0701,0.0712,0.0196,0.0651,0.0778,0.0134,0.10384766633304389
0.4139,2.13,-0.0011,0.0936,0.0337,-0.0125,0.1019,0.034,0.1016841975501224
0.4139,2.15,0.1833,0.1676,0.0377,0.1878,0.1819,0.0397,0.09958985883613843
0.4139,2.17,-0.5596,0.4055,0.4146,-0.6159,0.4385,0.4548,0.0975616504617313
0.4139,2.19,-0.0408,0.2508,0.1091,-0.0543,0.27,0.1189,0.0955967377182665
0.4139,2.21,-0.1581,0.1466,0.0573,-0.1801,0.1575,0.0594,0.09369243991394628
0.4139,2.23,0.0795,0.1694,0.0249,0.0751,0.1818,0.0262,0.09184622023149122
0.494,1.11,0.0046,0.0158,0.0025,0.0085,0.055,0.0087,0.5840999568301113
0.494,1.13,0.0061,0.0286,0.0053,0.0111,0.0917,0.0187,0.5547160864490892
0.494,1.15,-0.0186,0.0249,0.0053,-0.0607,0.0747,0.0161,0.527695661333014
0.494,1.17,-0.0084,0.0286,0.0112,-0.0123,0.0798,0.0342,0.5027756196171173
0.494,1.19,-0.166,0.0332,0.0076,-0.4111,0.0885,0.0246,0.47973011400767157
0.494,1.21,-0.1456,0.0384,0.0099,-0.3282,0.0957,0.028,0.45836417726131345
0.494,1.23,-0.0862,0.0334,0.0061,-0.1861,0.0791,0.0159,0.4385086376561388
0.494,1.25,-0.0851,0.0304,0.0077,-0.1967,0.0688,0.0171,0.42001600593703314
0.494,1.27,-0.0303,0.0308,0.008,-0.0867,0.0665,0.016,0.40275712394604096
0.494,1.29,0.0407,0.0311,0.0083,0.0478,0.0644,0.019,0.38661841536877106
0.494,1.31,0.0362,0.0309,0.0147,0.0231,0.0613,0.0295,0.3714996161168547
0.494,1.33,-0.0023,0.0284,0.032,-0.0674,0.0542,0.0615,0.3573118895314852
0.494,1.35,0.0869,0.0279,0.0143,0.0871,0.0514,0.0235,0.3439762524216059
0.494,1.37,0.0501,0.029,0.0138,0.0122,0.0519,0.0268,0.33142225376928786
0.494,1.39,0.0894,0.0316,0.0148,0.0737,0.0545,0.0296,0.3195868600481193
0.494,1.41,0.0875,0.0293,0.0145,0.0621,0.0492,0.0252,0.3084135104480611
0.494,1.43,0.1597,0.0327,0.0171,0.1702,0.0533,0.0326,0.2978513125664218
0.494,1.45,0.1678,0.0363,0.0197,0.1673,0.0581,0.0379,0.28785435481188726
0.494,1.47,0.1826,0.0437,0.0236,0.1701,0.0678,0.0491,0.2783811162491207
0.494,1.49,0.2145,0.0433,0.0293,0.2027,0.0658,0.0562,0.26939395816323486
0.494,1.51,0.2517,0.0455,0.0301,0.2503,0.0677,0.059,0.26085868445553473
0.494,1.53,0.2147,0.0475,0.0259,0.195,0.069,0.0564,0.25274416025278273
0.494,1.55,0.1383,0.0461,0.0262,0.0843,0.0659,0.0501,0.24502197994276437
0.494,1.57,0.0899,0.0475,0.0254,0.015,0.0667,0.0494,0.23766617733198817
0.494,1.59,0.1964,0.0393,0.0335,0.1606,0.0541,0.0387,0.2306529718287032
0.494,1.61,0.0799,0.0465,0.0271,-0.0007,0.063,0.0519,0.22396054554185538
0.494,1.63,0.1128,0.0492,0.041,0.043,0.0658,0.0701,0.21756884699774415
0.494,1.65,0.1807,0.0486,0.0182,0.1337,0.064,0.0523,0.2114594178452782
0.494,1.67,0.0464,0.0501,0.0215,-0.0381,0.0651,0.0489,0.20561523947494992
0.494,1.69,0.145,0.0422,0.024,0.0989,0.0542,0.0408,0.200020596937469
0.494,1.71,0.146,0.0474,0.0168,0.1116,0.0602,0.0351,0.19466095793258148
0.494,1.73,0.0758,0.0462,0.0071,0.0352,0.058,0.0214,0.18952286496071002
0.494,1.75,0.0592,0.0477,0.0248,0.0233,0.0593,0.034,0.18459383900075513
0.494,1.77,0.1194,0.0451,0.011,0.1044,0.0555,0.014,0.1798622933056558
0.494,1.79,0.1866,0.0463,0.0153,0.1921,0.0564,0.0144,0.17531745610038474
0.494,1.81,0.0561,0.0478,0.0154,0.0362,0.0578,0.0123,0.1709493011308686
0.494,1.83,0.1252,0.053,0.0188,0.1194,0.0635,0.0167,0.16674848515172688
0.494,1.85,0.0944,0.0603,0.019,0.0831,0.0717,0.0171,0.16270629155968572
0.494,1.87,0.0479,0.0513,0.0157,0.0284,0.0605,0.0101,0.15881457948132044
0.494,1.89,0.0446,0.054,0.0156,0.0254,0.0632,0.0098,0.15506573771112458
0.494,1.91,-0.0493,0.057,0.0244,-0.0819,0.0662,0.0237,0.15145264297103184
0.494,1.93,0.0405,0.0571,0.0186,0.0241,0.0661,0.0156,0.14796862202730643
0.494,1.95,-0.0688,0.0684,0.0316,-0.0998,0.0786,0.0324,0.14460741725671347
0.494,1.97,-0.0262,0.0667,0.0318,-0.0492,0.0761,0.0328,0.14136315530240262
0.494,1.99,0.1186,0.0659,0.0205,0.1168,0.0749,0.017,0.13823031850206435
0.494,2.01,0.0681,0.0668,0.0195,0.06,0.0756,0.0154,0.13520371880758095
0.494,2.03,0.073,0.0904,0.0181,0.0655,0.1018,0.0159,0.1322784739473649
0.494,2.05,0.1558,0.1044,0.0186,0.158,0.1169,0.0157,0.12944998561051488
0.494,2.07,-0.0509,0.1873,0.0889,-0.0732,0.2091,0.0974,0.12671391945637908
0.494,2.09,0.2465,0.1949,0.1794,0.2581,0.2164,0.187,0.1240661867745747
0.494,2.11,0.1068,0.1825,0.0317,0.1026,0.2013,0.0313,0.1215029276393727
0.494,2.13,0.0717,0.1281,0.0367,0.0643,0.1408,0.0381,0.11902049541896108
0.494,2.15,0.106,0.0741,0.0347,0.1017,0.0812,0.036,0.11661544251474745
0.494,2.17,-0.0195,0.0812,0.0373,-0.0356,0.0887,0.0385,0.11428450721880369
0.494,2.19,0.1617,0.1431,0.0749,0.1622,0.156,0.0811,0.11202460158900758
0.494,2.21,0.0381,0.2129,0.0173,0.0275,0.2314,0.0175,0.10983280025159081
0.5902,1.11,0.002,0.0179,0.0028,0.0019,0.06,0.0088,0.6265754266009647
0.5902,1.13,0.001,0.0148,0.0151,-0.0046,0.0464,0.0466,0.5981277927071874
0.5902,1.15,-0.0496,0.0263,0.0133,-0.1501,0.0783,0.0374,0.5717077392673876
0.5902,1.17,-0.0197,0.0302,0.0056,-0.0445,0.0845,0.0163,0.5471169202886506
0.5902,1.19,-0.056,0.0318,0.0061,-0.1209,0.084,0.0174,0.524181604942376
0.5902,1.21,-0.1693,0.0362,0.0111,-0.3951,0.0911,0.0275,0.5027489969241422
0.5902,1.23,-0.1352,0.0323,0.0098,-0.3082,0.0772,0.0226,0.4826841936109446
0.5902,1.25,-0.021,0.0279,0.0097,-0.0527,0.0638,0.0217,0.46386765902575877
0.5902,1.27,-0.0403,0.0264,0.0098,-0.11,0.0581,0.0177,0.4461931121890958
0.5902,1.29,0.0263,0.0261,0.0102,0.0206,0.0551,0.0187,0.4295657534014274
0.5902,1.31,0.0022,0.0255,0.0132,-0.0459,0.0516,0.0185,0.4139007670718547
0.5902,1.33,0.048,0.0252,0.0161,0.0276,0.0494,0.0239,0.3991220521237887
0.5902,1.35,0.0918,0.0246,0.0207,0.0972,0.0466,0.0292,0.38516114066900814
0.5902,1.37,0.1433,0.0353,0.0163,0.1789,0.0645,0.036,0.37195627321002805
0.5902,1.39,0.0938,0.0316,0.0174,0.0786,0.056,0.0315,0.3594516045987529
0.5902,1.41,0.1201,0.0345,0.0194,0.115,0.0595,0.037,0.34759651971431027
0.5902,1.43,0.1357,0.0332,0.0187,0.1292,0.0555,0.0345,0.33634504160146417
0.5902,1.45,0.1573,0.0344,0.022,0.1486,0.0562,0.0461,0.32565531784302193
0.5902,1.47,0.1655,0.035,0.0286,0.1403,0.0558,0.0542,0.31548917338548693
0.5902,1.49,0.1654,0.0443,0.0254,0.1201,0.0691,0.0699,0.30581172002012597
0.5902,1.51,0.2397,0.0422,0.0331,0.2245,0.0644,0.0769,0.2965910143369445
0.5902,1.53,0.2413,0.0415,0.0296,0.2267,0.0619,0.0687,0.2877977572909659
0.5902,1.55,0.1548,0.0424,0.032,0.098,0.0622,0.0648,0.27940502960673563
0.5902,1.57,0.1923,0.0374,0.0312,0.1506,0.0539,0.0616,0.2713880581437675
0.5902,1.59,0.1614,0.0372,0.0292,0.1024,0.0528,0.0574,0.2637240090888196
0.5902,1.61,0.1906,0.0423,0.0319,0.1389,0.059,0.0652,0.2563918044591237
0.5902,1.63,0.0994,0.0419,0.0312,0.0098,0.0575,0.0539,0.2493719589168875
0.5902,1.65,0.0771,0.0436,0.0306,-0.0213,0.0591,0.057,0.24264643432792207
0.5902,1.67,0.1327,0.0485,0.03,0.0576,0.0648,0.0554,0.2361985098609083
0.5902,1.69,0.1356,0.0532,0.0236,0.0719,0.0701,0.0566,0.2300126657305735
0.5902,1.71,0.2035,0.0436,0.0189,0.1767,0.0566,0.0402,0.2240744789476263
0.5902,1.73,0.1086,0.0436,0.0128,0.0673,0.056,0.0286,0.21837052965861728
0.5902,1.75,0.1201,0.0441,0.0111,0.0937,0.056,0.0236,0.21288831684643672
0.5902,1.77,0.1567,0.0431,0.0126,0.1479,0.0543,0.0215,0.20761618232226065
0.5902,1.79,0.0701,0.0448,0.0163,0.0481,0.0557,0.0198,0.2025432420767993
0.5902,1.81,0.1073,0.0486,0.0311,0.0976,0.06,0.0366,0.1976593241763125
0.5902,1.83,0.1242,0.0483,0.0227,0.1183,0.059,0.0251,0.19295491249005717
0.5902,1.85,-0.0599,0.0597,0.0258,-0.1058,0.0726,0.0286,0.18842109562311582
0.5902,1.87,0.1426,0.0756,0.0157,0.14,0.0908,0.0144,0.18404952050402157
0.5902,1.89,0.0606,0.062,0.0126,0.0425,0.074,0.008,0.17983235014199378
0.5902,1.91,-0.0522,0.0906,0.0181,-0.0899,0.1075,0.0171,0.1757622251253944
0.5902,1.93,-0.0776,0.1102,0.0477,-0.1185,0.13,0.0548,0.171832228482456
0.5902,1.95,0.0518,0.1281,0.0439,0.0363,0.1497,0.0492,0.16803585356844591
0.5902,1.97,0.4797,0.2449,0.1576,0.5356,0.2851,0.181,0.16436697468112288
0.5902,1.99,0.0,0.0,0.0,0.0,0.0,0.0,0.16081982013933843
0.5902,2.01,0.0961,0.1445,0.0684,0.0893,0.1656,0.0693,0.15738894758859404
0.5902,2.03,0.0254,0.1277,0.107,0.0088,0.1456,0.1215,0.1540692213228143
0.5902,2.05,0.115,0.0919,0.0158,0.1104,0.1044,0.0135,0.15085579143401176
0.5902,2.07,0.0844,0.0839,0.027,0.0757,0.0947,0.0278,0.14774407462128655
0.5902,2.09,-0.0537,0.0961,0.018,-0.0798,0.1082,0.0175,0.14472973650807863
0.5902,2.11,0.1232,0.0889,0.0227,0.119,0.0996,0.0237,0.14180867533205205
0.5902,2.13,0.0954,0.0789,0.019,0.0877,0.0881,0.019,0.13897700688570044
0.5902,2.15,0.1562,0.1205,0.038,0.1557,0.1341,0.0408,0.13623105059793558
0.5902,2.17,0.0007,0.2147,0.2898,-0.0173,0.2379,0.3217,0.13356731665774735
0.7047,1.11,0.0051,0.0327,0.0084,0.0135,0.1055,0.0266,0.667048037275874
0.7047,1.13,0.0062,0.0263,0.0089,0.0137,0.0801,0.0271,0.6399117194516181
0.7047,1.15,-0.0574,0.0404,0.0075,-0.1701,0.118,0.0244,0.6144680389486558
0.7047,1.17,-0.0566,0.0331,0.008,-0.1437,0.0905,0.0215,0.5905741182699928
0.7047,1.19,-0.0529,0.0397,0.0124,-0.1163,0.1032,0.0279,0.56810227656367
0.7047,1.21,-0.0572,0.0298,0.005,-0.1192,0.0739,0.0126,0.5469380860601274
0.7047,1.23,-0.0799,0.031,0.0074,-0.1793,0.0746,0.0192,0.5269787176975701
0.7047,1.25,-0.0411,0.0292,0.0102,-0.1005,0.0669,0.0252,0.5081315270804243
0.7047,1.27,-0.0705,0.0283,0.0106,-0.1768,0.0622,0.0255,0.4903128411144634
0.7047,1.29,0.0407,0.025,0.0092,0.0532,0.0531,0.0212,0.47344691295825087
0.7047,1.31,0.0241,0.0222,0.0124,0.0006,0.0453,0.0209,0.4574650187514376
0.7047,1.33,0.0393,0.0236,0.0216,0.0125,0.0466,0.0357,0.44230467425014114
0.7047,1.35,0.0877,0.0212,0.0216,0.0908,0.0408,0.0305,0.4279089532656066
0.7047,1.37,0.0971,0.0258,0.0194,0.094,0.0478,0.0364,0.41422589285472605
0.7047,1.39,0.0907,0.0281,0.0177,0.0722,0.0508,0.0389,0.40120797269687725
0.7047,1.41,0.0874,0.0293,0.0196,0.0576,0.0514,0.0408,0.388811658125325
0.7047,1.43,0.0981,0.0255,0.0217,0.0654,0.0436,0.0387,0.37699699795261266
0.7047,1.45,0.1138,0.0273,0.0255,0.076,0.0455,0.0432,0.36572726960835666
0.7047,1.47,0.1798,0.0321,0.0296,0.1626,0.0525,0.0616,0.35496866525029075
0.7047,1.49,0.2018,0.0344,0.041,0.1717,0.0549,0.0641,0.34469001345950423
0.7047,1.51,0.2146,0.0388,0.0383,0.1781,0.0606,0.0742,0.3348625319238784
0.7047,1.53,0.2259,0.0349,0.0398,0.1987,0.0533,0.0663,0.32545960717803735
0.7047,1.55,0.1798,0.0343,0.041,0.1293,0.0516,0.0605,0.3164565980265
0.7047,1.57,0.1928,0.0353,0.0361,0.1464,0.052,0.0612,0.3078306597475688
0.7047,1.59,0.1612,0.0382,0.0391,0.0954,0.0554,0.0609,0.29956058657379164
0.7047,1.61,0.1738,0.0402,0.0344,0.1086,0.0573,0.0636,0.29162667028278794
0.7047,1.63,0.148,0.0396,0.0418,0.0669,0.0554,0.0633,0.28401057301981103
0.7047,1.65,0.1852,0.0456,0.0394,0.1152,0.0634,0.0613,0.27669521271883596
0.7047,1.67,0.1937,0.0493,0.0366,0.1297,0.0671,0.0629,0.26966465969895587
0.7047,1.69,0.2319,0.0513,0.0369,0.1909,0.0691,0.0629,0.262904043193033
0.7047,1.71,0.1407,0.0541,0.033,0.0858,0.072,0.0581,0.25639946672050795
0.7047,1.73,0.1912,0.06,0.0142,0.1695,0.0788,0.0395,0.2501379313498793
0.7047,1.75,0.122,0.0677,0.0276,0.091,0.0881,0.0436,0.24410726601183727
0.7047,1.77,0.0808,0.0781,0.0202,0.0495,0.1003,0.0319,0.23829606412406187
0.7047,1.79,0.0925,0.1174,0.0133,0.0765,0.1492,0.0207,0.23269362587553863
0.7047,1.81,0.1657,0.1659,0.0631,0.1737,0.2094,0.0794,0.22728990559379866
0.7047,1.83,0.6374,0.5059,0.4492,0.7634,0.6333,0.5395,0.22207546368436523
0.7047,1.85,0.0,0.0,0.0,0.0,0.0,0.0,0.21704142268923737
0.7047,1.87,-0.0823,0.5661,0.0898,-0.1321,0.6911,0.132,0.21217942706161685
0.7047,1.89,-0.2039,0.1837,0.0907,-0.2784,0.2228,0.1215,0.20748160629826476
0.7047,1.91,-0.0899,0.0822,0.0184,-0.1382,0.099,0.0202,0.20294054110969045
0.7047,1.93,0.081,0.055,0.0195,0.0689,0.0657,0.021,0.1985492323425476
0.7047,1.95,0.0433,0.0717,0.049,0.024,0.0855,0.0573,0.19430107239873495
0.7047,1.97,0.0938,0.0678,0.0315,0.0853,0.0799,0.0356,0.19018981892231562
0.7047,1.99,0.1224,0.0533,0.0239,0.1189,0.0625,0.0259,0.18620957054890783
0.7047,2.01,0.151,0.065,0.0191,0.1518,0.0759,0.0198,0.1823547445330648
0.7047,2.03,0.183,0.0705,0.0301,0.1884,0.0817,0.0334,0.1786200560876766
0.7047,2.05,0.1351,0.0901,0.0255,0.1325,0.104,0.0276,0.17500049928588599
0.7047,2.07,0.1855,0.1428,0.0545,0.19,0.1642,0.0622,0.17149132939066103
0.7047,2.09,0.1574,0.3322,0.0902,0.1573,0.379,0.0981,0.16808804649022907
0.7047,2.11,-0.2264,0.3556,0.1996,-0.2788,0.4035,0.2456,0.1647863803292386
0.8412,1.11,0.0053,0.0081,0.0072,0.0142,0.0248,0.022,0.705145282325424
0.8412,1.13,-0.0027,0.0085,0.0045,-0.0107,0.0252,0.0134,0.6796226650205844
0.8412,1.15,-0.0199,0.0116,0.0063,-0.057,0.0325,0.0173,0.6554742265792661
0.8412,1.17,-0.0405,0.0153,0.0074,-0.1041,0.0416,0.0195,0.6326021803188224
0.8412,1.19,-0.0644,0.0231,0.0047,-0.1497,0.0595,0.013,0.6109173572294273
0.8412,1.21,-0.0737,0.023,0.0049,-0.1632,0.0564,0.0122,0.5903383035199984
0.8412,1.23,-0.0395,0.024,0.0071,-0.0851,0.0569,0.0179,0.5707904872918237
0.8412,1.25,-0.0565,0.0252,0.0077,-0.1355,0.0574,0.0189,0.5522055994201593
0.8412,1.27,-0.0184,0.0226,0.0099,-0.0597,0.0495,0.0185,0.534520935993287
0.8412,1.29,0.0235,0.0205,0.01,0.0213,0.0438,0.0185,0.5176788515486667
0.8412,1.31,0.0139,0.0262,0.0134,-0.0153,0.0541,0.0294,0.5016262739257344
0.8412,1.33,0.0599,0.0187,0.0164,0.0583,0.0372,0.0213,0.4863142728799241
0.8412,1.35,0.0733,0.0242,0.018,0.0699,0.0472,0.0278,0.47169767571735854
0.8412,1.37,0.0967,0.022,0.023,0.1001,0.0412,0.033,0.457734724150612
0.8412,1.39,0.1083,0.0222,0.0232,0.1127,0.0407,0.0274,0.4443867673725037
0.8412,1.41,0.0979,0.0263,0.0233,0.0851,0.047,0.0381,0.4316179870211477
0.8412,1.43,0.0856,0.0294,0.0219,0.0539,0.0512,0.0354,0.4193951502852364
0.8412,1.45,0.1366,0.0249,0.0301,0.1271,0.0421,0.0326,0.4076873878900161
0.8412,1.47,0.1398,0.0396,0.0301,0.1109,0.0657,0.0557,0.3964659941250699
0.8412,1.49,0.2367,0.0427,0.0387,0.2443,0.0695,0.0626,0.38570424643594936
0.8412,1.51,0.1869,0.0437,0.0454,0.1515,0.0694,0.0754,0.37537724241214193
0.8412,1.53,0.2401,0.0483,0.0468,0.2364,0.0761,0.0569,0.36546175227150124
0.8412,1.55,0.1558,0.0619,0.0456,0.1076,0.0948,0.0585,0.35593608517254366
0.8412,1.57,0.182,0.0617,0.0404,0.1451,0.0928,0.0632,0.34677996788629983
0.8412,1.59,0.1918,0.0654,0.0437,0.1525,0.0969,0.0518,0.3379744345332308
0.8412,1.61,0.2115,0.0606,0.0608,0.1743,0.0882,0.0709,0.32950172624188884
0.8412,1.63,0.1711,0.0649,0.0765,0.1098,0.0934,0.0453,0.32134519971773334
0.8412,1.65,0.3786,0.1735,0.1745,0.3995,0.2463,0.1881,0.31348924382553073
0.8412,1.67,0.0,0.0,0.0,0.0,0.0,0.0,0.30591920338938566
0.8412,1.69,0.0,0.0,0.0,0.0,0.0,0.0,0.2986213095026299
0.8412,1.71,0.2705,0.252,0.1847,0.2697,0.3413,0.1812,0.2915826157172161
0.8412,1.73,0.0897,0.1092,0.0481,0.0417,0.1458,0.0616,0.28479093955035684
0.8412,1.75,0.0,0.082,0.0335,-0.0644,0.1086,0.0459,0.2782348088061347
0.8412,1.77,0.1165,0.0906,0.0413,0.1027,0.1183,0.0571,0.27190341226274883
0.8412,1.79,0.0355,0.0568,0.0305,0.0068,0.0735,0.0408,0.26578655432285264
0.8412,1.81,0.1028,0.052,0.0226,0.0981,0.0667,0.0292,0.2598746132658556
0.8412,1.83,0.0964,0.0402,0.0156,0.0891,0.051,0.0198,0.2541585027777888
0.8412,1.85,0.1127,0.0432,0.02,0.1088,0.0545,0.0251,0.24862963646694017
0.8412,1.87,0.1107,0.0575,0.0199,0.1062,0.0717,0.0245,0.24327989510246012
0.8412,1.89,0.0664,0.0601,0.0219,0.0511,0.0743,0.0267,0.23810159633895983
0.8412,1.91,-0.0004,0.0598,0.0121,-0.0303,0.0734,0.0134,0.23308746671314395
0.8412,1.93,0.0698,0.0565,0.0205,0.0566,0.0689,0.024,0.2282306157190814
0.8412,1.95,0.0689,0.0947,0.0155,0.0564,0.1144,0.0174,0.2235245117870918
0.8412,1.97,0.1359,0.0829,0.016,0.1369,0.0997,0.0175,0.2189629600076842
0.8412,1.99,0.0594,0.1325,0.0474,0.045,0.1583,0.056,0.21454008145672893
0.8412,2.01,0.2054,0.1258,0.1113,0.2175,0.1489,0.1256,0.21025029399128056
0.8412,2.03,0.2191,0.1367,0.1899,0.2335,0.1615,0.2029,0.2060882943973615
