1	108	-0.001103	0.116406385
1	109	-0.001134	0.118193812
1	110	-0.001142	0.111729418
1	111	-0.001132	0.098682119
1	112	-0.001108	0.080897173
1	113	-0.001076	0.060610245
1	114	-0.001039	0.040725269
1	115	-0.000998	0.024194152
1	116	-0.000956	0.012658567
1	117	-0.000914	0.005835562
1	118	-0.000872	0.002311118
1	119	-0.000829	0.000658997
1	120	-0.000786	-7.01E-05
1	121	-0.000743	-0.000379565
1	122	-0.000697	-0.000501246
1	123	-0.000648	-0.00053736
1	124	-0.000592	-0.000527548
1	125	-0.000529	-0.000490923
1	126	-0.000456	-0.000433452
1	127	-0.00037	-0.000356711
1	128	-0.00027	-0.000262232
1	129	-0.000154	-0.000149503
1	130	-0.000021	-1.84E-05
1	131	0.000133	0.000134461
1	132	0.000308	0.00030882
1	133	0.000507	0.000507455
1	134	0.000733	0.00073325
1	135	0.00099	0.000990137
1	136	0.001284	0.001284074
1	137	0.001622	0.00162204
1	138	0.002013	0.002013021
1	139	0.002469	0.002469011
1	140	0.003006	0.003006006
1	141	0.003644	0.003644003
1	142	0.00441	0.004410002
1	143	0.005336	0.005336001
1	144	0.006455	0.006455
1	145	0.007796	0.007796
1	146	0.009341	0.009341
1	147	0.010957	0.010957
1	148	0.01228	0.01228
1	149	0.014501	0.014501
1	150	0.015119	0.015119
1	151	0.014134	0.014134
1	152	0.012192	0.012192
1	153	0.010074	0.010074
1	154	0.008202	0.008202
1	155	0.006688	0.006688
1	156	0.005503	0.005503
1	157	0.004581	0.004581
1	158	0.003862	0.003862
1	159	0.003296	0.003296
1	160	0.002847	0.002847
1	161	0.00249	0.00249
1	162	0.002202	0.002202
1	163	0.001968	0.001968
1	164	0.001772	0.001772
1	165	0.001598	0.001598
1	166	0.001434	0.001434
1	167	0.001278	0.001278
1	168	0.001136	0.001136
1	169	0.001016	0.001016
1	170	0.000922	0.000922
1	171	0.000849	0.000849
1	172	0.000789	0.000789
1	173	0.000737	0.000737
1	174	0.000689	0.000689
1	175	0.000645	0.000645
1	176	0.000603	0.000603
1	177	0.000565	0.000565
1	178	0.000531	0.000531
1	179	0.000499	0.000499
1	180	0.00047	0.00047
1	181	0.000445	0.000445
1	182	0.000421	0.000421
1	183	0.000401	0.000401
1	184	0.000382	0.000382
1	185	0.000365	0.000365
1	186	0.00035	0.00035
1	187	0.000336	0.000336
1	188	0.000323	0.000323
1	189	0.000312	0.000312
1	190	0.000301	0.000301
1	191	0.000291	0.000291
1	192	0.000282	0.000282
1	193	0.000274	0.000274
1	194	0.000266	0.000266
1	195	0.000258	0.000258
1	196	0.000251	0.000251
1	197	0.000245	0.000245
1	198	0.000238	0.000238
1	199	0.000233	0.000233
1	200	0.000227	0.000227
1	201	0.000222	0.000222
1	202	0.000217	0.000217
1	203	0.000212	0.000212
2	108	-0.000579	0.131476935
2	109	-0.000614	0.134467757
2	110	-0.000629	0.12782236
2	111	-0.000626	0.113388225
2	112	-0.000611	0.093304598
2	113	-0.000588	0.070182046
2	114	-0.00056	0.04740595
2	115	-0.000529	0.028414867
2	116	-0.000497	0.01514121
2	117	-0.000464	0.007281605
2	118	-0.000431	0.003216216
2	119	-0.000397	0.001304981
2	120	-0.000362	0.000455853
2	121	-0.000324	9.11E-05
2	122	-0.000283	-5.91E-05
2	123	-0.000236	-0.000109132
2	124	-0.000181	-0.000106847
2	125	-0.000116	-7.20E-05
2	126	-0.000037	-1.09E-05
2	127	0.000057	7.24E-05
2	128	0.000168	0.000177046
2	129	0.000299	0.000304249
2	130	0.000452	0.000455013
2	131	0.000628	0.000629711
2	132	0.000829	0.000829961
2	133	0.001059	0.001059535
2	134	0.00132	0.001320294
2	135	0.001619	0.001619161
2	136	0.00196	0.001960087
2	137	0.002353	0.002353047
2	138	0.002809	0.002809025
2	139	0.003342	0.003342013
2	140	0.003971	0.003971007
2	141	0.004721	0.004721004
2	142	0.005623	0.005623002
2	143	0.006715	0.006715001
2	144	0.008039	0.008039
2	145	0.009627	0.009627
2	146	0.011459	0.011459
2	147	0.013377	0.013377
2	148	0.014948	0.014948
2	149	0.017595	0.017595
2	150	0.01833	0.01833
2	151	0.017153	0.017153
2	152	0.014838	0.014838
2	153	0.012313	0.012313
2	154	0.010083	0.010083
2	155	0.00828	0.00828
2	156	0.00687	0.00687
2	157	0.005776	0.005776
2	158	0.004925	0.004925
2	159	0.004257	0.004257
2	160	0.003731	0.003731
2	161	0.003313	0.003313
2	162	0.002981	0.002981
2	163	0.002712	0.002712
2	164	0.002485	0.002485
2	165	0.002281	0.002281
2	166	0.002084	0.002084
2	167	0.001891	0.001891
2	168	0.001711	0.001711
2	169	0.001559	0.001559
2	170	0.001439	0.001439
2	171	0.001346	0.001346
2	172	0.00127	0.00127
2	173	0.001204	0.001204
2	174	0.001144	0.001144
2	175	0.001088	0.001088
2	176	0.001037	0.001037
2	177	0.000989	0.000989
2	178	0.000946	0.000946
2	179	0.000906	0.000906
2	180	0.000871	0.000871
2	181	0.000838	0.000838
2	182	0.000809	0.000809
2	183	0.000782	0.000782
2	184	0.000758	0.000758
2	185	0.000737	0.000737
2	186	0.000717	0.000717
2	187	0.000699	0.000699
2	188	0.000683	0.000683
2	189	0.000667	0.000667
2	190	0.000653	0.000653
2	191	0.00064	0.00064
2	192	0.000628	0.000628
2	193	0.000616	0.000616
2	194	0.000605	0.000605
2	195	0.000595	0.000595
2	196	0.000585	0.000585
2	197	0.000576	0.000576
2	198	0.000567	0.000567
2	199	0.000558	0.000558
2	200	0.00055	0.00055
2	201	0.000543	0.000543
2	202	0.000535	0.000535
2	203	0.000528	0.000528
3	108	0.000011	0.146529192
3	109	-0.000017	0.151000014
3	110	-0.000029	0.144375239
3	111	-0.000025	0.128657055
3	112	-0.000011	0.106290851
3	113	0.000007	0.080271777
3	114	0.000028	0.054500661
3	115	0.00005	0.032945593
3	116	0.000073	0.017847293
3	117	0.000096	0.008895113
3	118	0.000119	0.004258242
3	119	0.000144	0.002072937
3	120	0.000172	0.001098025
3	121	0.000204	0.000674136
3	122	0.000242	0.000495886
3	123	0.000288	0.000432235
3	124	0.000346	0.000430584
3	125	0.000417	0.000467311
3	126	0.000505	0.000534982
3	127	0.000612	0.000629773
3	128	0.00074	0.000750446
3	129	0.000891	0.000897076
3	130	0.001068	0.001071495
3	131	0.001271	0.001272988
3	132	0.001504	0.001505119
3	133	0.001769	0.001769623
3	134	0.00207	0.002070343
3	135	0.002414	0.002414187
3	136	0.002807	0.002807101
3	137	0.003259	0.003259055
3	138	0.003784	0.003784029
3	139	0.004399	0.004399016
3	140	0.005126	0.005126008
3	141	0.005993	0.005993004
3	142	0.007038	0.007038002
3	143	0.008307	0.008307001
3	144	0.009848	0.009848001
3	145	0.011699	0.011699
3	146	0.01384	0.01384
3	147	0.016082	0.016082
3	148	0.017917	0.017917
3	149	0.021029	0.021029
3	150	0.021892	0.021892
3	151	0.020512	0.020512
3	152	0.017793	0.017793
3	153	0.01483	0.01483
3	154	0.012215	0.012215
3	155	0.010104	0.010104
3	156	0.008456	0.008456
3	157	0.00718	0.00718
3	158	0.006191	0.006191
3	159	0.00542	0.00542
3	160	0.004816	0.004816
3	161	0.004343	0.004343
3	162	0.003969	0.003969
3	163	0.003669	0.003669
3	164	0.003416	0.003416
3	165	0.003184	0.003184
3	166	0.002951	0.002951
3	167	0.002714	0.002714
3	168	0.002489	0.002489
3	169	0.002297	0.002297
3	170	0.002145	0.002145
3	171	0.002029	0.002029
3	172	0.001935	0.001935
3	173	0.001854	0.001854
3	174	0.001781	0.001781
3	175	0.001713	0.001713
3	176	0.001651	0.001651
3	177	0.001593	0.001593
3	178	0.001541	0.001541
3	179	0.001493	0.001493
3	180	0.001449	0.001449
3	181	0.001409	0.001409
3	182	0.001374	0.001374
3	183	0.001341	0.001341
3	184	0.001312	0.001312
3	185	0.001285	0.001285
3	186	0.00126	0.00126
3	187	0.001238	0.001238
3	188	0.001217	0.001217
3	189	0.001198	0.001198
3	190	0.00118	0.00118
3	191	0.001163	0.001163
3	192	0.001147	0.001147
3	193	0.001132	0.001132
3	194	0.001118	0.001118
3	195	0.001104	0.001104
3	196	0.001091	0.001091
3	197	0.001079	0.001079
3	198	0.001067	0.001067
3	199	0.001056	0.001056
3	200	0.001045	0.001045
3	201	0.001034	0.001034
3	202	0.001024	0.001024
3	203	0.001015	0.001015
4	108	0.000672	0.162097441
4	109	0.000667	0.16839853
4	110	0.000673	0.162035547
4	111	0.000688	0.145118551
4	112	0.000708	0.120410714
4	113	0.000727	0.091332537
4	114	0.000745	0.062342471
4	115	0.000761	0.037998982
4	116	0.000774	0.020906656
4	117	0.000788	0.010754271
4	118	0.000801	0.005486599
4	119	0.000818	0.002999523
4	120	0.000839	0.00188554
4	121	0.000866	0.001397601
4	122	0.000903	0.00119066
4	123	0.000953	0.001116869
4	124	0.001017	0.001113436
4	125	0.001101	0.001158562
4	126	0.001205	0.001239421
4	127	0.001333	0.001353473
4	128	0.001486	0.001498066
4	129	0.001666	0.001673036
4	130	0.001875	0.001879056
4	131	0.002114	0.002116312
4	132	0.002385	0.002386303
4	133	0.002693	0.002693727
4	134	0.00304	0.003040401
4	135	0.003434	0.003434219
4	136	0.003883	0.003883119
4	137	0.004398	0.004398064
4	138	0.004995	0.004995034
4	139	0.005694	0.005694018
4	140	0.00652	0.00652001
4	141	0.007508	0.007508005
4	142	0.008701	0.008701003
4	143	0.010151	0.010151001
4	144	0.011916	0.011916001
4	145	0.014041	0.014041
4	146	0.016502	0.016502
4	147	0.019082	0.019082
4	148	0.021194	0.021194
4	149	0.024804	0.024804
4	150	0.025808	0.025808
4	151	0.024214	0.024214
4	152	0.021072	0.021072
4	153	0.017648	0.017648
4	154	0.01463	0.01463
4	155	0.012197	0.012197
4	156	0.010304	0.010304
4	157	0.008844	0.008844
4	158	0.007718	0.007718
4	159	0.006847	0.006847
4	160	0.006172	0.006172
4	161	0.005649	0.005649
4	162	0.005244	0.005244
4	163	0.004922	0.004922
4	164	0.004651	0.004651
4	165	0.004392	0.004392
4	166	0.004121	0.004121
4	167	0.003835	0.003835
4	168	0.003555	0.003555
4	169	0.003314	0.003314
4	170	0.003125	0.003125
4	171	0.002981	0.002981
4	172	0.002868	0.002868
4	173	0.002772	0.002772
4	174	0.002685	0.002685
4	175	0.002605	0.002605
4	176	0.002531	0.002531
4	177	0.002463	0.002463
4	178	0.002401	0.002401
4	179	0.002345	0.002345
4	180	0.002293	0.002293
4	181	0.002246	0.002246
4	182	0.002204	0.002204
4	183	0.002165	0.002165
4	184	0.00213	0.00213
4	185	0.002098	0.002098
4	186	0.002069	0.002069
4	187	0.002041	0.002041
4	188	0.002016	0.002016
4	189	0.001993	0.001993
4	190	0.001971	0.001971
4	191	0.00195	0.00195
4	192	0.001931	0.001931
4	193	0.001912	0.001912
4	194	0.001894	0.001894
4	195	0.001877	0.001877
4	196	0.00186	0.00186
4	197	0.001845	0.001845
4	198	0.001829	0.001829
4	199	0.001815	0.001815
4	200	0.001801	0.001801
4	201	0.001787	0.001787
4	202	0.001774	0.001774
4	203	0.001762	0.001762
5	108	0.001412	0.177275193
5	109	0.001448	0.18567512
5	110	0.001488	0.179843525
5	111	0.001529	0.161910281
5	112	0.001566	0.134960634
5	113	0.001594	0.10283392
5	114	0.001613	0.070578845
5	115	0.001625	0.043378572
5	116	0.001631	0.024225788
5	117	0.001635	0.012824982
5	118	0.001639	0.006899212
5	119	0.001647	0.004095278
5	120	0.001662	0.00283649
5	121	0.001689	0.002285915
5	122	0.001729	0.002052576
5	123	0.001788	0.001972897
5	124	0.001869	0.001978202
5	125	0.001974	0.002039438
5	126	0.002106	0.002145273
5	127	0.002268	0.002291433
5	128	0.002459	0.002472853
5	129	0.002682	0.0026901
5	130	0.002936	0.002940681
5	131	0.003224	0.003226674
5	132	0.003546	0.00354751
5	133	0.003906	0.003906843
5	134	0.004308	0.004308466
5	135	0.004759	0.004759255
5	136	0.005269	0.005269138
5	137	0.005851	0.005851074
5	138	0.006522	0.00652204
5	139	0.007306	0.007306021
5	140	0.008232	0.008232011
5	141	0.00934	0.009340006
5	142	0.010678	0.010678003
5	143	0.012309	0.012309002
5	144	0.014298	0.014298001
5	145	0.016699	0.016699
5	146	0.019484	0.019484
5	147	0.022408	0.022408
5	148	0.0248	0.0248
5	149	0.028937	0.028937
5	150	0.030092	0.030092
5	151	0.028282	0.028282
5	152	0.024705	0.024705
5	153	0.020809	0.020809
5	154	0.01738	0.01738
5	155	0.014622	0.014622
5	156	0.012484	0.012484
5	157	0.010844	0.010844
5	158	0.00959	0.00959
5	159	0.00863	0.00863
5	160	0.007897	0.007897
5	161	0.007341	0.007341
5	162	0.006919	0.006919
5	163	0.006592	0.006592
5	164	0.006313	0.006313
5	165	0.006036	0.006036
5	166	0.005725	0.005725
5	167	0.005379	0.005379
5	168	0.005034	0.005034
5	169	0.004732	0.004732
5	170	0.004498	0.004498
5	171	0.004324	0.004324
5	172	0.00419	0.00419
5	173	0.004078	0.004078
5	174	0.003979	0.003979
5	175	0.003888	0.003888
5	176	0.003804	0.003804
5	177	0.003726	0.003726
5	178	0.003655	0.003655
5	179	0.00359	0.00359
5	180	0.003531	0.003531
5	181	0.003478	0.003478
5	182	0.003429	0.003429
5	183	0.003384	0.003384
5	184	0.003343	0.003343
5	185	0.003306	0.003306
5	186	0.003272	0.003272
5	187	0.00324	0.00324
5	188	0.00321	0.00321
5	189	0.003183	0.003183
5	190	0.003157	0.003157
5	191	0.003132	0.003132
5	192	0.003109	0.003109
5	193	0.003086	0.003086
5	194	0.003065	0.003065
5	195	0.003044	0.003044
5	196	0.003024	0.003024
5	197	0.003005	0.003005
5	198	0.002986	0.002986
5	199	0.002968	0.002968
5	200	0.002951	0.002951
5	201	0.002934	0.002934
5	202	0.002918	0.002918
5	203	0.002903	0.002903
6	108	0.002236	0.191714591
6	109	0.002335	0.202420223
6	110	0.002429	0.197392386
6	111	0.002514	0.178673176
6	112	0.002581	0.149637303
6	113	0.002628	0.114557757
6	114	0.002655	0.07907596
6	115	0.002666	0.049015168
6	116	0.002666	0.027781309
6	117	0.002661	0.015109535
6	118	0.002655	0.00850859
6	119	0.002656	0.005380164
6	120	0.002668	0.003974957
6	121	0.002698	0.003362888
6	122	0.00275	0.003111251
6	123	0.002828	0.003035136
6	124	0.002938	0.003060794
6	125	0.003081	0.003154866
6	126	0.00326	0.003304499
6	127	0.003475	0.003501649
6	128	0.003726	0.003741805
6	129	0.004013	0.004022268
6	130	0.004335	0.00434037
6	131	0.00469	0.004693074
6	132	0.005081	0.00508274
6	133	0.00551	0.005510973
6	134	0.00598	0.005980538
6	135	0.0065	0.006500295
6	136	0.007079	0.00707916
6	137	0.007732	0.007732086
6	138	0.00848	0.008480046
6	139	0.009349	0.009349025
6	140	0.010372	0.010372013
6	141	0.011594	0.011594007
6	142	0.013071	0.013071004
6	143	0.014875	0.014875002
6	144	0.01708	0.017080001
6	145	0.019749	0.019749
6	146	0.022852	0.022852
6	147	0.026114	0.026114
6	148	0.028779	0.028779
6	149	0.033468	0.033468
6	150	0.034788	0.034788
6	151	0.032765	0.032765
6	152	0.028754	0.028754
6	153	0.024386	0.024386
6	154	0.020549	0.020549
6	155	0.017474	0.017474
6	156	0.015103	0.015103
6	157	0.013299	0.013299
6	158	0.011933	0.011933
6	159	0.010905	0.010905
6	160	0.010136	0.010136
6	161	0.00957	0.00957
6	162	0.009157	0.009157
6	163	0.008847	0.008847
6	164	0.00858	0.00858
6	165	0.008294	0.008294
6	166	0.007942	0.007942
6	167	0.007527	0.007527
6	168	0.007098	0.007098
6	169	0.006723	0.006723
6	170	0.006435	0.006435
6	171	0.006227	0.006227
6	172	0.006073	0.006073
6	173	0.005948	0.005948
6	174	0.005838	0.005838
6	175	0.005738	0.005738
6	176	0.005646	0.005646
6	177	0.005561	0.005561
6	178	0.005482	0.005482
6	179	0.005411	0.005411
6	180	0.005345	0.005345
6	181	0.005285	0.005285
6	182	0.005231	0.005231
6	183	0.005181	0.005181
6	184	0.005135	0.005135
6	185	0.005093	0.005093
6	186	0.005054	0.005054
6	187	0.005018	0.005018
6	188	0.004985	0.004985
6	189	0.004953	0.004953
6	190	0.004923	0.004923
6	191	0.004895	0.004895
6	192	0.004868	0.004868
6	193	0.004842	0.004842
6	194	0.004817	0.004817
6	195	0.004793	0.004793
6	196	0.00477	0.00477
6	197	0.004747	0.004747
6	198	0.004726	0.004726
6	199	0.004705	0.004705
6	200	0.004684	0.004684
6	201	0.004664	0.004664
6	202	0.004645	0.004645
6	203	0.004626	0.004626
7	108	0.003152	0.205528513
7	109	0.003336	0.218711278
7	110	0.003507	0.214776523
7	111	0.003655	0.195497636
7	112	0.003769	0.164545838
7	113	0.003846	0.126608494
7	114	0.003889	0.087927642
7	115	0.003903	0.054985644
7	116	0.003899	0.031627903
7	117	0.003885	0.017647182
7	118	0.003871	0.010348515
7	119	0.003866	0.006882676
7	120	0.003879	0.005327317
7	121	0.003919	0.004656881
7	122	0.003993	0.004394924
7	123	0.004106	0.004337266
7	124	0.004265	0.004402661
7	125	0.00447	0.00455316
7	126	0.004722	0.004772306
7	127	0.005021	0.005051245
7	128	0.005364	0.005382004
7	129	0.005747	0.005757592
7	130	0.006168	0.006174155
7	131	0.006623	0.006626533
7	132	0.007111	0.007113004
7	133	0.007633	0.007634123
7	134	0.008193	0.008193622
7	135	0.008798	0.008798341
7	136	0.00946	0.009460185
7	137	0.010193	0.0101931
7	138	0.011022	0.011022054
7	139	0.011974	0.011974029
7	140	0.01309	0.013090015
7	141	0.014417	0.014417008
7	142	0.016022	0.016022004
7	143	0.017983	0.017983002
7	144	0.020388	0.020388001
7	145	0.023306	0.023306001
7	146	0.026708	0.026708
7	147	0.03029	0.03029
7	148	0.033212	0.033212
7	149	0.038476	0.038476
7	150	0.039975	0.039975
7	151	0.037753	0.037753
7	152	0.033319	0.033319
7	153	0.028495	0.028495
7	154	0.024267	0.024267
7	155	0.020896	0.020896
7	156	0.018315	0.018315
7	157	0.016374	0.016374
7	158	0.014927	0.014927
7	159	0.013861	0.013861
7	160	0.013091	0.013091
7	161	0.012552	0.012552
7	162	0.012184	0.012184
7	163	0.011924	0.011924
7	164	0.011696	0.011696
7	165	0.011415	0.011415
7	166	0.011021	0.011021
7	167	0.010521	0.010521
7	168	0.00999	0.00999
7	169	0.009521	0.009521
7	170	0.009169	0.009169
7	171	0.008924	0.008924
7	172	0.008752	0.008752
7	173	0.008618	0.008618
7	174	0.008503	0.008503
7	175	0.008399	0.008399
7	176	0.008302	0.008302
7	177	0.008213	0.008213
7	178	0.00813	0.00813
7	179	0.008054	0.008054
7	180	0.007985	0.007985
7	181	0.007921	0.007921
7	182	0.007862	0.007862
7	183	0.007808	0.007808
7	184	0.007759	0.007759
7	185	0.007713	0.007713
7	186	0.007671	0.007671
7	187	0.007631	0.007631
7	188	0.007594	0.007594
7	189	0.007559	0.007559
7	190	0.007526	0.007526
7	191	0.007495	0.007495
7	192	0.007465	0.007465
7	193	0.007437	0.007437
7	194	0.007409	0.007409
7	195	0.007382	0.007382
7	196	0.007356	0.007356
7	197	0.007331	0.007331
7	198	0.007306	0.007306
7	199	0.007282	0.007282
7	200	0.007259	0.007259
7	201	0.007236	0.007236
7	202	0.007214	0.007214
7	203	0.007192	0.007192
8	108	0.004166	0.217619297
8	109	0.004454	0.233140324
8	110	0.004726	0.230468837
8	111	0.00496	0.210918997
8	112	0.005138	0.17839593
8	113	0.005258	0.137961701
8	114	0.005325	0.09641435
8	115	0.005349	0.060846377
8	116	0.005342	0.035528411
8	117	0.005321	0.020328053
8	118	0.005299	0.012370765
8	119	0.005291	0.008587592
8	120	0.005311	0.006895483
8	121	0.005372	0.006180552
8	122	0.005483	0.005924587
8	123	0.005653	0.005908039
8	124	0.005886	0.006038481
8	125	0.006186	0.006278525
8	126	0.006551	0.006607217
8	127	0.006976	0.007009937
8	128	0.007456	0.007476278
8	129	0.007983	0.007994972
8	130	0.008549	0.008555979
8	131	0.009148	0.009152018
8	132	0.009775	0.009777284
8	133	0.010429	0.010430283
8	134	0.011112	0.011112712
8	135	0.01183	0.011830391
8	136	0.012594	0.012594212
8	137	0.013422	0.013422115
8	138	0.014339	0.014339061
8	139	0.015377	0.015377033
8	140	0.01658	0.016580017
8	141	0.018002	0.018002009
8	142	0.019718	0.019718005
8	143	0.021815	0.021815002
8	144	0.024393	0.024393001
8	145	0.027531	0.027531001
8	146	0.031202	0.031202
8	147	0.035074	0.035074
8	148	0.038223	0.038223
8	149	0.044086	0.044086
8	150	0.045782	0.045782
8	151	0.043383	0.043383
8	152	0.038555	0.038555
8	153	0.033302	0.033302
8	154	0.028716	0.028716
8	155	0.025085	0.025085
8	156	0.022334	0.022334
8	157	0.020296	0.020296
8	158	0.018812	0.018812
8	159	0.017756	0.017756
8	160	0.017033	0.017033
8	161	0.01657	0.01657
8	162	0.016297	0.016297
8	163	0.016135	0.016135
8	164	0.015982	0.015982
8	165	0.015726	0.015726
8	166	0.015289	0.015289
8	167	0.014685	0.014685
8	168	0.014023	0.014023
8	169	0.013438	0.013438
8	170	0.013007	0.013007
8	171	0.012723	0.012723
8	172	0.012537	0.012537
8	173	0.012401	0.012401
8	174	0.012289	0.012289
8	175	0.012188	0.012188
8	176	0.012094	0.012094
8	177	0.012006	0.012006
8	178	0.011924	0.011924
8	179	0.011848	0.011848
8	180	0.011778	0.011778
8	181	0.011713	0.011713
8	182	0.011653	0.011653
8	183	0.011598	0.011598
8	184	0.011546	0.011546
8	185	0.011499	0.011499
8	186	0.011455	0.011455
8	187	0.011413	0.011413
8	188	0.011374	0.011374
8	189	0.011338	0.011338
8	190	0.011303	0.011303
8	191	0.01127	0.01127
8	192	0.011239	0.011239
8	193	0.011208	0.011208
8	194	0.011179	0.011179
8	195	0.011151	0.011151
8	196	0.011123	0.011123
8	197	0.011097	0.011097
8	198	0.01107	0.01107
8	199	0.011045	0.011045
8	200	0.011019	0.011019
8	201	0.010995	0.010995
8	202	0.01097	0.01097
8	203	0.010946	0.010946
9	108	0.00528	0.228124207
9	109	0.00569	0.245678465
9	110	0.006083	0.24437075
9	111	0.006423	0.224789605
9	112	0.006685	0.191035781
9	113	0.006862	0.148495938
9	114	0.006963	0.104444172
9	115	0.007001	0.066540322
9	116	0.006996	0.039454637
9	117	0.006969	0.023137557
9	118	0.006941	0.014573305
9	119	0.006935	0.010497718
9	120	0.006969	0.008683745
9	121	0.007064	0.007940862
9	122	0.007232	0.007712382
9	123	0.007486	0.007764533
9	124	0.007831	0.007998287
9	125	0.008269	0.008370996
9	126	0.008796	0.008858263
9	127	0.009405	0.009442755
9	128	0.010082	0.010104653
9	129	0.010816	0.010829426
9	130	0.011592	0.011599854
9	131	0.012399	0.012403536
9	132	0.013225	0.013227586
9	133	0.014065	0.014066455
9	134	0.014919	0.014919809
9	135	0.01579	0.015790445
9	136	0.01669	0.016690242
9	137	0.017637	0.017637131
9	138	0.018658	0.01865807
9	139	0.019788	0.019788037
9	140	0.021075	0.02107502
9	141	0.022581	0.02258101
9	142	0.024388	0.024388005
9	143	0.026594	0.026594003
9	144	0.02931	0.029310001
9	145	0.03263	0.032630001
9	146	0.036527	0.036527
9	147	0.040645	0.040645
9	148	0.043982	0.043982
9	149	0.050468	0.050468
9	150	0.052387	0.052387
9	151	0.049846	0.049846
9	152	0.044664	0.044664
9	153	0.039029	0.039029
9	154	0.034135	0.034135
9	155	0.030296	0.030296
9	156	0.02743	0.02743
9	157	0.025354	0.025354
9	158	0.023895	0.023895
9	159	0.022913	0.022913
9	160	0.022305	0.022305
9	161	0.021987	0.021987
9	162	0.021878	0.021878
9	163	0.021877	0.021877
9	164	0.021849	0.021849
9	165	0.021644	0.021644
9	166	0.021163	0.021163
9	167	0.020428	0.020428
9	168	0.019597	0.019597
9	169	0.018862	0.018862
9	170	0.018335	0.018335
9	171	0.018009	0.018009
9	172	0.017815	0.017815
9	173	0.017689	0.017689
9	174	0.017591	0.017591
9	175	0.017505	0.017505
9	176	0.017423	0.017423
9	177	0.017345	0.017345
9	178	0.017271	0.017271
9	179	0.017201	0.017201
9	180	0.017136	0.017136
9	181	0.017075	0.017075
9	182	0.017018	0.017018
9	183	0.016965	0.016965
9	184	0.016915	0.016915
9	185	0.016869	0.016869
9	186	0.016826	0.016826
9	187	0.016785	0.016785
9	188	0.016747	0.016747
9	189	0.016711	0.016711
9	190	0.016677	0.016677
9	191	0.016644	0.016644
9	192	0.016613	0.016613
9	193	0.016583	0.016583
9	194	0.016555	0.016555
9	195	0.016527	0.016527
9	196	0.0165	0.0165
9	197	0.016473	0.016473
9	198	0.016447	0.016447
9	199	0.016421	0.016421
9	200	0.016395	0.016395
9	201	0.01637	0.01637
9	202	0.016345	0.016345
9	203	0.01632	0.01632
10	108	0.006497	0.236945286
10	109	0.007036	0.255958934
10	110	0.007564	0.255975385
10	111	0.008028	0.236546447
10	112	0.008389	0.201926048
10	113	0.008638	0.157750416
10	114	0.008782	0.111683611
10	115	0.008841	0.071850743
10	116	0.008842	0.043276008
10	117	0.008812	0.026004329
10	118	0.008782	0.016913859
10	119	0.008783	0.012585457
10	120	0.008843	0.01067641
10	121	0.008987	0.009926796
10	122	0.009237	0.009753529
10	123	0.009607	0.009907766
10	124	0.010107	0.010288507
10	125	0.010736	0.01084723
10	126	0.011488	0.011556241
10	127	0.01235	0.012391577
10	128	0.013303	0.013328061
10	129	0.014326	0.014340916
10	130	0.015396	0.01540476
10	131	0.016493	0.016498076
10	132	0.017598	0.017600903
10	133	0.0187	0.018701638
10	134	0.019792	0.019792913
10	135	0.020876	0.020876502
10	136	0.02196	0.021960274
10	137	0.023065	0.023065148
10	138	0.024216	0.024216079
10	139	0.025453	0.025453042
10	140	0.026829	0.026829022
10	141	0.028411	0.028411012
10	142	0.03029	0.030290006
10	143	0.032575	0.032575003
10	144	0.035391	0.035391002
10	145	0.038844	0.038844001
10	146	0.042915	0.042915
10	147	0.047225	0.047225
10	148	0.050696	0.050696
10	149	0.057838	0.057838
10	150	0.06001	0.06001
10	151	0.057374	0.057374
10	152	0.051897	0.051897
10	153	0.045946	0.045946
10	154	0.040812	0.040812
10	155	0.036837	0.036837
10	156	0.033931	0.033931
10	157	0.031897	0.031897
10	158	0.030544	0.030544
10	159	0.029722	0.029722
10	160	0.029318	0.029318
10	161	0.029238	0.029238
10	162	0.029383	0.029383
10	163	0.029626	0.029626
10	164	0.029788	0.029788
10	165	0.029671	0.029671
10	166	0.02914	0.02914
10	167	0.028239	0.028239
10	168	0.027188	0.027188
10	169	0.02626	0.02626
10	170	0.025613	0.025613
10	171	0.02524	0.02524
10	172	0.025047	0.025047
10	173	0.024945	0.024945
10	174	0.024877	0.024877
10	175	0.024819	0.024819
10	176	0.024763	0.024763
10	177	0.024706	0.024706
10	178	0.024651	0.024651
10	179	0.024596	0.024596
10	180	0.024543	0.024543
10	181	0.024493	0.024493
10	182	0.024445	0.024445
10	183	0.0244	0.0244
10	184	0.024357	0.024357
10	185	0.024316	0.024316
10	186	0.024278	0.024278
10	187	0.024242	0.024242
10	188	0.024208	0.024208
10	189	0.024176	0.024176
10	190	0.024146	0.024146
10	191	0.024117	0.024117
10	192	0.02409	0.02409
10	193	0.024064	0.024064
10	194	0.024038	0.024038
10	195	0.024014	0.024014
10	196	0.02399	0.02399
10	197	0.023966	0.023966
10	198	0.023942	0.023942
10	199	0.023919	0.023919
10	200	0.023895	0.023895
10	201	0.023872	0.023872
10	202	0.023848	0.023848
10	203	0.023824	0.023824
11	108	0.007815	0.244224617
11	109	0.008475	0.263841283
11	110	0.009143	0.265004684
11	111	0.009741	0.245838361
11	112	0.010213	0.21069616
11	113	0.010544	0.165385958
11	114	0.010742	0.117857147
11	115	0.010829	0.076582312
11	116	0.01084	0.046865809
11	117	0.010812	0.028844398
11	118	0.010785	0.019333827
11	119	0.010801	0.014806987
11	120	0.010898	0.0128335
11	121	0.01111	0.012104595
11	122	0.011467	0.012015611
11	123	0.011991	0.012311891
11	124	0.012692	0.012886646
11	125	0.013572	0.013691916
11	126	0.01462	0.014693967
11	127	0.015818	0.015863307
11	128	0.017138	0.017165443
11	129	0.018548	0.018564409
11	130	0.020014	0.020023678
11	131	0.021505	0.021510631
11	132	0.022991	0.022994231
11	133	0.024451	0.024452829
11	134	0.025871	0.025872021
11	135	0.027248	0.027248563
11	136	0.028586	0.028586307
11	137	0.029904	0.029904166
11	138	0.031229	0.031229089
11	139	0.032603	0.032603048
11	140	0.034082	0.034082025
11	141	0.035742	0.035742013
11	142	0.037679	0.037679007
11	143	0.040016	0.040016004
11	144	0.042892	0.042892002
11	145	0.046428	0.046428001
11	146	0.050613	0.050613
11	147	0.055051	0.055051
11	148	0.058597	0.058597
11	149	0.066428	0.066428
11	150	0.068894	0.068894
11	151	0.066226	0.066226
11	152	0.060532	0.060532
11	153	0.05435	0.05435
11	154	0.049065	0.049065
11	155	0.045047	0.045047
11	156	0.042199	0.042199
11	157	0.040307	0.040307
11	158	0.039167	0.039167
11	159	0.038615	0.038615
11	160	0.03853	0.03853
11	161	0.038806	0.038806
11	162	0.039323	0.039323
11	163	0.039918	0.039918
11	164	0.040355	0.040355
11	165	0.040369	0.040369
11	166	0.039785	0.039785
11	167	0.038668	0.038668
11	168	0.037331	0.037331
11	169	0.036151	0.036151
11	170	0.035349	0.035349
11	171	0.034921	0.034921
11	172	0.034738	0.034738
11	173	0.034675	0.034675
11	174	0.034655	0.034655
11	175	0.034643	0.034643
11	176	0.034628	0.034628
11	177	0.034608	0.034608
11	178	0.034583	0.034583
11	179	0.034555	0.034555
11	180	0.034525	0.034525
11	181	0.034495	0.034495
11	182	0.034465	0.034465
11	183	0.034435	0.034435
11	184	0.034406	0.034406
11	185	0.034377	0.034377
11	186	0.03435	0.03435
11	187	0.034324	0.034324
11	188	0.0343	0.0343
11	189	0.034277	0.034277
11	190	0.034255	0.034255
11	191	0.034234	0.034234
11	192	0.034215	0.034215
11	193	0.034196	0.034196
11	194	0.034178	0.034178
11	195	0.034161	0.034161
11	196	0.034144	0.034144
11	197	0.034126	0.034126
11	198	0.034109	0.034109
11	199	0.034091	0.034091
11	200	0.034072	0.034072
11	201	0.034053	0.034053
11	202	0.034033	0.034033
11	203	0.034012	0.034012
12	108	0.009229	0.250202241
12	109	0.009988	0.269291081
12	110	0.010784	0.271268974
12	111	0.011513	0.252374911
12	112	0.0121	0.217008691
12	113	0.012519	0.171082779
12	114	0.012777	0.122695427
12	115	0.0129	0.080529595
12	116	0.012928	0.050074458
12	117	0.012908	0.031548605
12	118	0.012892	0.021750989
12	119	0.012931	0.017091902
12	120	0.013077	0.015091859
12	121	0.013376	0.014414124
12	122	0.013867	0.014441705
12	123	0.014579	0.014916688
12	124	0.015529	0.015734928
12	125	0.016719	0.016846593
12	126	0.018137	0.018216145
12	127	0.019756	0.019804746
12	128	0.021541	0.021570686
12	129	0.023447	0.023464841
12	130	0.025425	0.025435573
12	131	0.027429	0.027435178
12	132	0.029416	0.029419559
12	133	0.031352	0.031354021
12	134	0.033212	0.033213131
12	135	0.034984	0.034984625
12	136	0.036667	0.036667341
12	137	0.038277	0.038277184
12	138	0.03984	0.039840099
12	139	0.0414	0.041400053
12	140	0.043015	0.043015028
12	141	0.044767	0.044767015
12	142	0.046762	0.046762008
12	143	0.049133	0.049133004
12	144	0.052037	0.052037002
12	145	0.055608	0.055608001
12	146	0.059847	0.059847001
12	147	0.064349	0.064349
12	148	0.067907	0.067907
12	149	0.076465	0.076465
12	150	0.07927	0.07927
12	151	0.076646	0.076646
12	152	0.070833	0.070833
12	153	0.064527	0.064527
12	154	0.059205	0.059205
12	155	0.055259	0.055259
12	156	0.052589	0.052589
12	157	0.050965	0.050965
12	158	0.050167	0.050167
12	159	0.050024	0.050024
12	160	0.050402	0.050402
12	161	0.051182	0.051182
12	162	0.05222	0.05222
12	163	0.053304	0.053304
12	164	0.054124	0.054124
12	165	0.054325	0.054325
12	166	0.05368	0.05368
12	167	0.052285	0.052285
12	168	0.050572	0.050572
12	169	0.049062	0.049062
12	170	0.048059	0.048059
12	171	0.047558	0.047558
12	172	0.047389	0.047389
12	173	0.047379	0.047379
12	174	0.047425	0.047425
12	175	0.047478	0.047478
12	176	0.047521	0.047521
12	177	0.047553	0.047553
12	178	0.047573	0.047573
12	179	0.047586	0.047586
12	180	0.047592	0.047592
12	181	0.047593	0.047593
12	182	0.047591	0.047591
12	183	0.047587	0.047587
12	184	0.047581	0.047581
12	185	0.047574	0.047574
12	186	0.047566	0.047566
12	187	0.047558	0.047558
12	188	0.04755	0.04755
12	189	0.047543	0.047543
12	190	0.047535	0.047535
12	191	0.047529	0.047529
12	192	0.047522	0.047522
12	193	0.047516	0.047516
12	194	0.04751	0.04751
12	195	0.047504	0.047504
12	196	0.047497	0.047497
12	197	0.04749	0.04749
12	198	0.047482	0.047482
12	199	0.047473	0.047473
12	200	0.047463	0.047463
12	201	0.047451	0.047451
12	202	0.047438	0.047438
12	203	0.047423	0.047423
13	108	0.010736	0.255436788
13	109	0.011548	0.272630452
13	110	0.012445	0.274953014
13	111	0.013286	0.25623886
13	112	0.013979	0.220879302
13	113	0.014486	0.174800847
13	114	0.014808	0.126130364
13	115	0.014972	0.083609315
13	116	0.015025	0.052815462
13	117	0.015021	0.03403503
13	118	0.015024	0.0240846
13	119	0.015096	0.019362067
13	120	0.015303	0.017373848
13	121	0.015703	0.016773027
13	122	0.016349	0.016943514
13	123	0.017279	0.017629959
13	124	0.018518	0.018733185
13	125	0.02007	0.020204107
13	126	0.021923	0.022006685
13	127	0.024045	0.024096851
13	128	0.026389	0.026420761
13	129	0.028899	0.028918194
13	130	0.031508	0.031519435
13	131	0.034152	0.034158714
13	132	0.036772	0.036775885
13	133	0.039314	0.039316214
13	134	0.041742	0.041743243
13	135	0.04403	0.044030688
13	136	0.046171	0.046171376
13	137	0.048173	0.048173203
13	138	0.050062	0.050062109
13	139	0.051878	0.051878058
13	140	0.053685	0.053685031
13	141	0.055567	0.055567016
13	142	0.057639	0.057639009
13	143	0.060046	0.060046004
13	144	0.062958	0.062958002
13	145	0.066529	0.066529001
13	146	0.070775	0.070775001
13	147	0.07528	0.07528
13	148	0.078792	0.078792
13	149	0.08811	0.08811
13	150	0.091306	0.091306
13	151	0.088816	0.088816
13	152	0.083003	0.083003
13	153	0.076704	0.076704
13	154	0.071479	0.071479
13	155	0.067744	0.067744
13	156	0.065395	0.065395
13	157	0.064187	0.064187
13	158	0.063889	0.063889
13	159	0.064318	0.064318
13	160	0.065333	0.065333
13	161	0.066798	0.066798
13	162	0.068539	0.068539
13	163	0.070282	0.070282
13	164	0.071617	0.071617
13	165	0.072076	0.072076
13	166	0.071359	0.071359
13	167	0.069606	0.069606
13	168	0.067407	0.067407
13	169	0.065466	0.065466
13	170	0.064193	0.064193
13	171	0.06359	0.06359
13	172	0.063427	0.063427
13	173	0.063478	0.063478
13	174	0.063602	0.063602
13	175	0.063735	0.063735
13	176	0.063852	0.063852
13	177	0.063951	0.063951
13	178	0.064033	0.064033
13	179	0.0641	0.0641
13	180	0.064157	0.064157
13	181	0.064204	0.064204
13	182	0.064244	0.064244
13	183	0.064278	0.064278
13	184	0.064308	0.064308
13	185	0.064333	0.064333
13	186	0.064355	0.064355
13	187	0.064375	0.064375
13	188	0.064392	0.064392
13	189	0.064408	0.064408
13	190	0.064422	0.064422
13	191	0.064436	0.064436
13	192	0.064448	0.064448
13	193	0.064459	0.064459
13	194	0.06447	0.06447
13	195	0.064479	0.064479
13	196	0.064486	0.064486
13	197	0.064492	0.064492
13	198	0.064496	0.064496
13	199	0.064498	0.064498
13	200	0.064499	0.064499
13	201	0.064497	0.064497
13	202	0.064492	0.064492
13	203	0.064486	0.064486
14	108	0.01233	0.260325105
14	109	0.013135	0.274215523
14	110	0.014086	0.27633071
14	111	0.015007	0.257624881
14	112	0.015785	0.222422861
14	113	0.016368	0.176574783
14	114	0.016751	0.128123341
14	115	0.01696	0.085744984
14	116	0.017044	0.054998065
14	117	0.017065	0.036207822
14	118	0.017095	0.026239496
14	119	0.017209	0.021524627
14	120	0.017486	0.019585554
14	121	0.017997	0.019084705
14	122	0.01881	0.019416424
14	123	0.019976	0.020335613
14	124	0.021527	0.021748691
14	125	0.023476	0.023614962
14	126	0.025812	0.025899235
14	127	0.028499	0.028553377
14	128	0.031481	0.031514509
14	129	0.034687	0.03470737
14	130	0.038035	0.038047202
14	131	0.041439	0.041446201
14	132	0.044818	0.044822186
14	133	0.0481	0.048102394
14	134	0.05123	0.051231348
14	135	0.054166	0.054166748
14	136	0.056891	0.056891409
14	137	0.059404	0.059404221
14	138	0.061725	0.061725118
14	139	0.063893	0.063893063
14	140	0.065972	0.065972033
14	141	0.068049	0.068049018
14	142	0.070245	0.070245009
14	143	0.072715	0.072715005
14	144	0.075643	0.075643002
14	145	0.079203	0.079203001
14	146	0.083424	0.083424001
14	147	0.087893	0.087893
14	148	0.091318	0.091318
14	149	0.101412	0.101412
14	150	0.105048	0.105048
14	151	0.102795	0.102795
14	152	0.097122	0.097122
14	153	0.090982	0.090982
14	154	0.086009	0.086009
14	155	0.082644	0.082644
14	156	0.080778	0.080778
14	157	0.080155	0.080155
14	158	0.080534	0.080534
14	159	0.081726	0.081726
14	160	0.083579	0.083579
14	161	0.085942	0.085942
14	162	0.088602	0.088602
14	163	0.091204	0.091204
14	164	0.093214	0.093214
14	165	0.094013	0.094013
14	166	0.093214	0.093214
14	167	0.09101	0.09101
14	168	0.08819	0.08819
14	169	0.08569	0.08569
14	170	0.084057	0.084057
14	171	0.083298	0.083298
14	172	0.083118	0.083118
14	173	0.083222	0.083222
14	174	0.083425	0.083425
14	175	0.083643	0.083643
14	176	0.083845	0.083845
14	177	0.084023	0.084023
14	178	0.084179	0.084179
14	179	0.084317	0.084317
14	180	0.084439	0.084439
14	181	0.084548	0.084548
14	182	0.084646	0.084646
14	183	0.084734	0.084734
14	184	0.084814	0.084814
14	185	0.084886	0.084886
14	186	0.084951	0.084951
14	187	0.085009	0.085009
14	188	0.085063	0.085063
14	189	0.085111	0.085111
14	190	0.085155	0.085155
14	191	0.085195	0.085195
14	192	0.08523	0.08523
14	193	0.085263	0.085263
14	194	0.085292	0.085292
14	195	0.085318	0.085318
14	196	0.08534	0.08534
14	197	0.085359	0.085359
14	198	0.085375	0.085375
14	199	0.085388	0.085388
14	200	0.085398	0.085398
14	201	0.085405	0.085405
14	202	0.085409	0.085409
14	203	0.08541	0.08541
15	108	0.014013	0.265813085
15	109	0.014737	0.274648636
15	110	0.015685	0.275920725
15	111	0.016639	0.256974387
15	112	0.017467	0.221989796
15	113	0.018106	0.176675466
15	114	0.01854	0.12886743
15	115	0.018793	0.087040505
15	116	0.018913	0.056654902
15	117	0.018965	0.038053095
15	118	0.019029	0.02817415
15	119	0.019192	0.023520033
15	120	0.019542	0.021653257
15	121	0.020166	0.02126305
15	122	0.021146	0.021759939
15	123	0.022548	0.022913751
15	124	0.024416	0.024642714
15	125	0.026772	0.026915002
15	126	0.029609	0.029699364
15	127	0.032893	0.032949702
15	128	0.03656	0.036595174
15	129	0.040526	0.040547522
15	130	0.044692	0.044704974
15	131	0.048951	0.048958703
15	132	0.053197	0.053201501
15	133	0.057337	0.057339587
15	134	0.061292	0.061293462
15	135	0.065005	0.065005813
15	136	0.068442	0.068442445
15	137	0.07159	0.07159024
15	138	0.074463	0.074463129
15	139	0.077096	0.077096068
15	140	0.079549	0.079549036
15	141	0.081911	0.081911019
15	142	0.084307	0.08430701
15	143	0.0869	0.086900005
15	144	0.089886	0.089886003
15	145	0.093455	0.093455001
15	146	0.097653	0.097653001
15	147	0.102071	0.102071
15	148	0.105393	0.105393
15	149	0.116252	0.116252
15	150	0.120366	0.120366
15	151	0.11846	0.11846
15	152	0.113082	0.113082
15	153	0.107274	0.107274
15	154	0.102726	0.102726
15	155	0.099903	0.099903
15	156	0.098694	0.098694
15	157	0.098839	0.098839
15	158	0.100088	0.100088
15	159	0.102248	0.102248
15	160	0.105162	0.105162
15	161	0.108659	0.108659
15	162	0.11248	0.11248
15	163	0.116172	0.116172
15	164	0.119039	0.119039
15	165	0.120278	0.120278
15	166	0.119386	0.119386
15	167	0.116626	0.116626
15	168	0.113034	0.113034
15	169	0.109828	0.109828
15	170	0.10772	0.10772
15	171	0.106724	0.106724
15	172	0.106476	0.106476
15	173	0.106601	0.106601
15	174	0.106866	0.106866
15	175	0.107161	0.107161
15	176	0.107445	0.107445
15	177	0.107708	0.107708
15	178	0.107948	0.107948
15	179	0.108168	0.108168
15	180	0.108371	0.108371
15	181	0.108558	0.108558
15	182	0.108732	0.108732
15	183	0.108892	0.108892
15	184	0.109039	0.109039
15	185	0.109174	0.109174
15	186	0.109297	0.109297
15	187	0.109409	0.109409
15	188	0.109509	0.109509
15	189	0.109599	0.109599
15	190	0.109679	0.109679
15	191	0.10975	0.10975
15	192	0.109811	0.109811
15	193	0.109865	0.109865
15	194	0.109911	0.109911
15	195	0.10995	0.10995
15	196	0.109983	0.109983
15	197	0.11001	0.11001
15	198	0.110032	0.110032
15	199	0.110049	0.110049
15	200	0.110062	0.110062
15	201	0.110072	0.110072
15	202	0.110077	0.110077
15	203	0.11008	0.11008
16	108	0.015793	0.271881284
16	109	0.016362	0.274436399
16	110	0.017243	0.274285338
16	111	0.018175	0.254843429
16	112	0.019012	0.220072368
16	113	0.019676	0.175469208
16	114	0.020145	0.128579642
16	115	0.020435	0.087592226
16	116	0.02059	0.057802361
16	117	0.020677	0.039543083
16	118	0.02078	0.029842127
16	119	0.020993	0.025292632
16	120	0.021414	0.023516471
16	121	0.022144	0.023239304
16	122	0.023278	0.023893016
16	123	0.024897	0.02526503
16	124	0.027062	0.027291345
16	125	0.029807	0.029952523
16	126	0.033132	0.03322454
16	127	0.037007	0.037065447
16	128	0.041366	0.041402495
16	129	0.046115	0.046137476
16	130	0.051137	0.051150635
16	131	0.056305	0.056313145
16	132	0.061489	0.061493786
16	133	0.06657	0.066572764
16	134	0.071446	0.071447568
16	135	0.076038	0.076038874
16	136	0.080296	0.080296479
16	137	0.084195	0.084195258
16	138	0.087737	0.087737138
16	139	0.09095	0.090950073
16	140	0.093892	0.093892039
16	141	0.096649	0.09664902
16	142	0.099347	0.09934701
16	143	0.102152	0.102152005
16	144	0.105272	0.105272003
16	145	0.108906	0.108906001
16	146	0.113117	0.113117001
16	147	0.117503	0.117503
16	148	0.120743	0.120743
16	149	0.132308	0.132308
16	150	0.136917	0.136917
16	151	0.135466	0.135466
16	152	0.130549	0.130549
16	153	0.125256	0.125256
16	154	0.121316	0.121316
16	155	0.119211	0.119211
16	156	0.118837	0.118837
16	157	0.119931	0.119931
16	158	0.122244	0.122244
16	159	0.125581	0.125581
16	160	0.129782	0.129782
16	161	0.134659	0.134659
16	162	0.139895	0.139895
16	163	0.144919	0.144919
16	164	0.14884	0.14884
16	165	0.150629	0.150629
16	166	0.149645	0.149645
16	167	0.146232	0.146232
16	168	0.141718	0.141718
16	169	0.13765	0.13765
16	170	0.134931	0.134931
16	171	0.133591	0.133591
16	172	0.13319	0.13319
16	173	0.133274	0.133274
16	174	0.133556	0.133556
16	175	0.133899	0.133899
16	176	0.13425	0.13425
16	177	0.13459	0.13459
16	178	0.134917	0.134917
16	179	0.135229	0.135229
16	180	0.135527	0.135527
16	181	0.135811	0.135811
16	182	0.136079	0.136079
16	183	0.136332	0.136332
16	184	0.136567	0.136567
16	185	0.136784	0.136784
16	186	0.136983	0.136983
16	187	0.137161	0.137161
16	188	0.13732	0.13732
16	189	0.13746	0.13746
16	190	0.13758	0.13758
16	191	0.137682	0.137682
16	192	0.137766	0.137766
16	193	0.137834	0.137834
16	194	0.137888	0.137888
16	195	0.137929	0.137929
16	196	0.137959	0.137959
16	197	0.137978	0.137978
16	198	0.13799	0.13799
16	199	0.137995	0.137995
16	200	0.137994	0.137994
16	201	0.13799	0.13799
16	202	0.137982	0.137982
16	203	0.137971	0.137971
17	108	0.017686	0.279054404
17	109	0.018034	0.274081169
17	110	0.018792	0.271937244
17	111	0.01965	0.251734733
17	112	0.020451	0.217129986
17	113	0.021107	0.17333764
17	114	0.021588	0.127547943
17	115	0.0219	0.087595436
17	116	0.022085	0.058557392
17	117	0.022206	0.040743899
17	118	0.022348	0.031277248
17	119	0.022608	0.026855994
17	120	0.023092	0.025174622
17	121	0.02391	0.024997943
17	122	0.025174	0.025786918
17	123	0.026978	0.027346387
17	124	0.0294	0.029630819
17	125	0.032488	0.032635354
17	126	0.036256	0.036350313
17	127	0.040681	0.040740973
17	128	0.045698	0.045735708
17	129	0.051206	0.051229384
17	130	0.057075	0.057089283
17	131	0.063157	0.063165587
17	132	0.069299	0.069304077
17	133	0.075355	0.075357947
17	134	0.0812	0.081201679
17	135	0.086733	0.086733938
17	136	0.091884	0.091884515
17	137	0.096615	0.096615278
17	138	0.100917	0.100917148
17	139	0.104811	0.104811078
17	140	0.108348	0.108348041
17	141	0.111611	0.111611021
17	142	0.114722	0.114722011
17	143	0.11785	0.117850006
17	144	0.121203	0.121203003
17	145	0.12499	0.124990001
17	146	0.129282	0.129282001
17	147	0.133691	0.133691
17	148	0.136904	0.136904
17	149	0.149054	0.149054
17	150	0.154143	0.154143
17	151	0.153239	0.153239
17	152	0.148948	0.148948
17	153	0.144353	0.144353
17	154	0.141196	0.141196
17	155	0.139977	0.139977
17	156	0.140599	0.140599
17	157	0.142805	0.142805
17	158	0.146352	0.146352
17	159	0.151053	0.151053
17	160	0.156748	0.156748
17	161	0.16323	0.16323
17	162	0.170118	0.170118
17	163	0.176704	0.176704
17	164	0.181873	0.181873
17	165	0.184328	0.184328
17	166	0.183273	0.183273
17	167	0.179144	0.179144
17	168	0.173592	0.173592
17	169	0.168526	0.168526
17	170	0.16506	0.16506
17	171	0.163249	0.163249
17	172	0.162581	0.162581
17	173	0.162529	0.162529
17	174	0.162756	0.162756
17	175	0.163096	0.163096
17	176	0.16348	0.16348
17	177	0.163882	0.163882
17	178	0.16429	0.16429
17	179	0.164701	0.164701
17	180	0.165107	0.165107
17	181	0.165506	0.165506
17	182	0.165892	0.165892
17	183	0.16626	0.16626
17	184	0.166607	0.166607
17	185	0.166928	0.166928
17	186	0.16722	0.16722
17	187	0.16748	0.16748
17	188	0.167708	0.167708
17	189	0.167902	0.167902
17	190	0.168062	0.168062
17	191	0.168189	0.168189
17	192	0.168285	0.168285
17	193	0.168352	0.168352
17	194	0.168393	0.168393
17	195	0.168412	0.168412
17	196	0.168411	0.168411
17	197	0.168394	0.168394
17	198	0.168365	0.168365
17	199	0.168327	0.168327
17	200	0.168281	0.168281
17	201	0.168231	0.168231
17	202	0.168179	0.168179
17	203	0.168127	0.168127
18	108	0.019721	0.287029172
18	109	0.019803	0.273999431
18	110	0.020396	0.269447375
18	111	0.021138	0.248271093
18	112	0.021862	0.213761446
18	113	0.022476	0.170793574
18	114	0.022943	0.126165725
18	115	0.023262	0.087320317
18	116	0.023466	0.05909263
18	117	0.023615	0.041765427
18	118	0.02379	0.032555384
18	119	0.02409	0.028270486
18	120	0.024624	0.026678272
18	121	0.025509	0.02658486
18	122	0.02687	0.027478182
18	123	0.028817	0.029184242
18	124	0.031443	0.031674376
18	125	0.034814	0.034962607
18	126	0.038959	0.03905474
18	127	0.043866	0.043927297
18	128	0.049476	0.049514808
18	129	0.055683	0.055707234
18	130	0.062346	0.062360905
18	131	0.0693	0.069309021
18	132	0.076368	0.076373367
18	133	0.083379	0.083382133
18	134	0.090183	0.090184793
18	135	0.096658	0.096659005
18	136	0.102717	0.102717552
18	137	0.108309	0.108309298
18	138	0.113415	0.113415158
18	139	0.118049	0.118049083
18	140	0.122255	0.122255043
18	141	0.126111	0.126111022
18	142	0.129735	0.129735011
18	143	0.133291	0.133291006
18	144	0.136985	0.136985003
18	145	0.141026	0.141026001
18	146	0.145489	0.145489001
18	147	0.149997	0.149997
18	148	0.153266	0.153266
18	149	0.16581	0.16581
18	150	0.17132	0.17132
18	151	0.171028	0.171028
18	152	0.167505	0.167505
18	153	0.16377	0.16377
18	154	0.161547	0.161547
18	155	0.161344	0.161344
18	156	0.163082	0.163082
18	157	0.166517	0.166517
18	158	0.171419	0.171419
18	159	0.177615	0.177615
18	160	0.184949	0.184949
18	161	0.193197	0.193197
18	162	0.201912	0.201912
18	163	0.210237	0.210237
18	164	0.21681	0.21681
18	165	0.220048	0.220048
18	166	0.218984	0.218984
18	167	0.214149	0.214149
18	168	0.207529	0.207529
18	169	0.201402	0.201402
18	170	0.197088	0.197088
18	171	0.194678	0.194678
18	172	0.193613	0.193613
18	173	0.193306	0.193306
18	174	0.193381	0.193381
18	175	0.193648	0.193648
18	176	0.19402	0.19402
18	177	0.194459	0.194459
18	178	0.194942	0.194942
18	179	0.195456	0.195456
18	180	0.195987	0.195987
18	181	0.196523	0.196523
18	182	0.197052	0.197052
18	183	0.197564	0.197564
18	184	0.198049	0.198049
18	185	0.198498	0.198498
18	186	0.198904	0.198904
18	187	0.199262	0.199262
18	188	0.199566	0.199566
18	189	0.199815	0.199815
18	190	0.200008	0.200008
18	191	0.200146	0.200146
18	192	0.200231	0.200231
18	193	0.200269	0.200269
18	194	0.200263	0.200263
18	195	0.200219	0.200219
18	196	0.200144	0.200144
18	197	0.200044	0.200044
18	198	0.199926	0.199926
18	199	0.199793	0.199793
18	200	0.199653	0.199653
18	201	0.199509	0.199509
18	202	0.199365	0.199365
18	203	0.199224	0.199224
19	108	0.02194	0.295389852
19	109	0.021739	0.274381736
19	110	0.022147	0.267168223
19	111	0.022746	0.244887362
19	112	0.023364	0.210405418
19	113	0.023909	0.16823246
19	114	0.024338	0.124748829
19	115	0.024645	0.087004066
19	116	0.024854	0.059589487
19	117	0.02502	0.042753585
19	118	0.02522	0.033803738
19	119	0.025549	0.029651777
19	120	0.026117	0.028137372
19	121	0.027047	0.028107921
19	122	0.028474	0.029075931
19	123	0.030521	0.030886218
19	124	0.033299	0.033530422
19	125	0.036891	0.037040593
19	126	0.041344	0.041441029
19	127	0.046658	0.046720554
19	128	0.052781	0.052820882
19	129	0.059608	0.05963308
19	130	0.066987	0.067002534
19	131	0.074736	0.074745467
19	132	0.082654	0.082659669
19	133	0.090549	0.090552329
19	134	0.098245	0.098246914
19	135	0.105602	0.105603077
19	136	0.112518	0.112518593
19	137	0.118932	0.11893232
19	138	0.124819	0.124819169
19	139	0.130187	0.130187089
19	140	0.135077	0.135077046
19	141	0.139563	0.139563023
19	142	0.143757	0.143757012
19	143	0.147817	0.147817006
19	144	0.15194	0.151940003
19	145	0.156326	0.156326001
19	146	0.161045	0.161045001
19	147	0.165733	0.165733
19	148	0.16915	0.16915
19	149	0.181831	0.181831
19	150	0.187654	0.187654
19	151	0.18799	0.18799
19	152	0.18533	0.18533
19	153	0.182565	0.182565
19	154	0.181369	0.181369
19	155	0.182252	0.182252
19	156	0.185152	0.185152
19	157	0.189849	0.189849
19	158	0.196134	0.196134
19	159	0.203851	0.203851
19	160	0.212857	0.212857
19	161	0.222913	0.222913
19	162	0.233508	0.233508
19	163	0.243639	0.243639
19	164	0.251698	0.251698
19	165	0.255823	0.255823
19	166	0.254877	0.254877
19	167	0.249477	0.249477
19	168	0.241918	0.241918
19	169	0.234798	0.234798
19	170	0.229621	0.229621
19	171	0.226524	0.226524
19	172	0.224938	0.224938
19	173	0.224254	0.224254
19	174	0.224074	0.224074
19	175	0.224192	0.224192
19	176	0.224505	0.224505
19	177	0.224957	0.224957
19	178	0.225512	0.225512
19	179	0.226141	0.226141
19	180	0.226818	0.226818
19	181	0.227521	0.227521
19	182	0.228227	0.228227
19	183	0.228917	0.228917
19	184	0.229572	0.229572
19	185	0.230179	0.230179
19	186	0.230722	0.230722
19	187	0.231191	0.231191
19	188	0.231578	0.231578
19	189	0.231878	0.231878
19	190	0.23209	0.23209
19	191	0.232214	0.232214
19	192	0.232255	0.232255
19	193	0.232219	0.232219
19	194	0.232114	0.232114
19	195	0.231951	0.231951
19	196	0.231739	0.231739
19	197	0.231488	0.231488
19	198	0.23121	0.23121
19	199	0.230913	0.230913
19	200	0.230607	0.230607
19	201	0.230298	0.230298
19	202	0.229993	0.229993
19	203	0.229697	0.229697
20	108	0.024402	0.303740652
20	109	0.023938	0.275284543
20	110	0.024163	0.265219663
20	111	0.024611	0.241749941
20	112	0.02511	0.207257418
20	113	0.025568	0.165857533
20	114	0.02594	0.123503317
20	115	0.026217	0.086845324
20	116	0.026418	0.060234596
20	117	0.026589	0.043883122
20	118	0.026802	0.035188054
20	119	0.027148	0.031163307
20	120	0.027738	0.029719031
20	121	0.028694	0.029737124
20	122	0.030162	0.030756317
20	123	0.032278	0.0326406
20	124	0.035167	0.035398279
20	125	0.038932	0.039082572
20	126	0.043636	0.043734386
20	127	0.049294	0.049357899
20	128	0.055862	0.055903044
20	129	0.063233	0.063259003
20	130	0.071246	0.071262225
20	131	0.0797	0.07970996
20	132	0.088373	0.088379006
20	133	0.097045	0.097048549
20	134	0.105522	0.105524053
20	135	0.113646	0.11364716
20	136	0.121304	0.12130464
20	137	0.12843	0.128430345
20	138	0.134998	0.134998182
20	139	0.141018	0.141018095
20	140	0.146531	0.146531049
20	141	0.15161	0.151610025
20	142	0.156365	0.156365012
20	143	0.160943	0.160943006
20	144	0.165532	0.165532003
20	145	0.170315	0.170315001
20	146	0.175351	0.175351001
20	147	0.18028	0.18028
20	148	0.183925	0.183925
20	149	0.196442	0.196442
20	150	0.202423	0.202423
20	151	0.203337	0.203337
20	152	0.201553	0.201553
20	153	0.199781	0.199781
20	154	0.199611	0.199611
20	155	0.201545	0.201545
20	156	0.205544	0.205544
20	157	0.211413	0.211413
20	158	0.218972	0.218972
20	159	0.228086	0.228086
20	160	0.238627	0.238627
20	161	0.250348	0.250348
20	162	0.262689	0.262689
20	163	0.274519	0.274519
20	164	0.28403	0.28403
20	165	0.289121	0.289121
20	166	0.288511	0.288511
20	167	0.282881	0.282881
20	168	0.274743	0.274743
20	169	0.266906	0.266906
20	170	0.260995	0.260995
20	171	0.257209	0.257209
20	172	0.255021	0.255021
20	173	0.253858	0.253858
20	174	0.253335	0.253335
20	175	0.253243	0.253243
20	176	0.253462	0.253462
20	177	0.253918	0.253918
20	178	0.254555	0.254555
20	179	0.255324	0.255324
20	180	0.256183	0.256183
20	181	0.257093	0.257093
20	182	0.25802	0.25802
20	183	0.258931	0.258931
20	184	0.259798	0.259798
20	185	0.260595	0.260595
20	186	0.2613	0.2613
20	187	0.261896	0.261896
20	188	0.262369	0.262369
20	189	0.262712	0.262712
20	190	0.262921	0.262921
20	191	0.262998	0.262998
20	192	0.262947	0.262947
20	193	0.262781	0.262781
20	194	0.26251	0.26251
20	195	0.262151	0.262151
20	196	0.26172	0.26172
20	197	0.261232	0.261232
20	198	0.260705	0.260705
20	199	0.260152	0.260152
20	200	0.259588	0.259588
20	201	0.259023	0.259023
20	202	0.258468	0.258468
20	203	0.257931	0.257931
21	108	0.027194	0.310686569
21	109	0.026522	0.276485552
21	110	0.026591	0.263742136
21	111	0.0269	0.2391755
21	112	0.027279	0.204697567
21	113	0.027643	0.16402942
21	114	0.027948	0.122732164
21	115	0.028183	0.087095901
21	116	0.028361	0.061244541
21	117	0.028526	0.045356396
21	118	0.028742	0.036908224
21	119	0.029097	0.033008779
21	120	0.029698	0.031629587
21	121	0.03067	0.031689494
21	122	0.032167	0.032750495
21	123	0.034336	0.03469431
21	124	0.037318	0.037548292
21	125	0.041233	0.04138412
21	126	0.046162	0.046261517
21	127	0.052133	0.052198129
21	128	0.059107	0.05914915
21	129	0.066973	0.066999904
21	130	0.075558	0.07557491
21	131	0.084638	0.084648455
21	132	0.093966	0.093972347
21	133	0.103298	0.103301775
21	134	0.112417	0.112419195
21	135	0.121152	0.121153246
21	136	0.129386	0.129386689
21	137	0.137052	0.137052372
21	138	0.144132	0.144132196
21	139	0.150643	0.150643102
21	140	0.156636	0.156636052
21	141	0.162189	0.162189026
21	142	0.167412	0.167412013
21	143	0.172449	0.172449006
21	144	0.177472	0.177472003
21	145	0.182646	0.182646001
21	146	0.188011	0.188011001
21	147	0.19321	0.19321
21	148	0.197132	0.197132
21	149	0.209172	0.209172
21	150	0.215118	0.215118
21	151	0.216482	0.216482
21	152	0.215478	0.215478
21	153	0.214598	0.214598
21	154	0.215321	0.215321
21	155	0.218137	0.218137
21	156	0.223026	0.223026
21	157	0.229822	0.229822
21	158	0.238371	0.238371
21	159	0.248565	0.248565
21	160	0.260289	0.260289
21	161	0.273302	0.273302
21	162	0.287012	0.287012
21	163	0.300221	0.300221
21	164	0.310996	0.310996
21	165	0.3171	0.3171
21	166	0.317163	0.317163
21	167	0.311875	0.311875
21	168	0.303802	0.303802
21	169	0.29578	0.29578
21	170	0.289451	0.289451
21	171	0.285092	0.285092
21	172	0.282299	0.282299
21	173	0.280607	0.280607
21	174	0.279692	0.279692
21	175	0.279359	0.279359
21	176	0.279479	0.279479
21	177	0.279955	0.279955
21	178	0.280706	0.280706
21	179	0.28166	0.28166
21	180	0.282753	0.282753
21	181	0.283928	0.283928
21	182	0.285131	0.285131
21	183	0.286317	0.286317
21	184	0.287441	0.287441
21	185	0.288467	0.288467
21	186	0.289363	0.289363
21	187	0.290101	0.290101
21	188	0.290662	0.290662
21	189	0.291035	0.291035
21	190	0.291213	0.291213
21	191	0.291199	0.291199
21	192	0.291001	0.291001
21	193	0.290635	0.290635
21	194	0.290118	0.290118
21	195	0.289474	0.289474
21	196	0.288727	0.288727
21	197	0.2879	0.2879
21	198	0.287017	0.287017
21	199	0.286101	0.286101
21	200	0.285171	0.285171
21	201	0.284244	0.284244
21	202	0.283335	0.283335
21	203	0.282456	0.282456
22	108	0.030443	0.315406788
22	109	0.029655	0.277619292
22	110	0.029613	0.262503476
22	111	0.029808	0.237016043
22	112	0.030082	0.202649897
22	113	0.030356	0.162755415
22	114	0.030592	0.122516015
22	115	0.030777	0.087888091
22	116	0.030925	0.062792817
22	117	0.031074	0.047375727
22	118	0.031285	0.039186337
22	119	0.031643	0.035422472
22	120	0.032253	0.034117891
22	121	0.033241	0.034226944
22	122	0.034768	0.035335278
22	123	0.036995	0.037346165
22	124	0.040078	0.040305791
22	125	0.044154	0.044304862
22	126	0.049319	0.049419225
22	127	0.05561	0.055676143
22	128	0.062991	0.063034142
22	129	0.071343	0.071370745
22	130	0.080469	0.080486567
22	131	0.090121	0.090131938
22	132	0.100019	0.100025686
22	133	0.109893	0.109897002
22	134	0.119505	0.119507341
22	135	0.128674	0.128675335
22	136	0.137282	0.137282741
22	137	0.145272	0.145272401
22	138	0.152639	0.152639211
22	139	0.159419	0.159419109
22	140	0.165679	0.165679055
22	141	0.171512	0.171512027
22	142	0.177036	0.177036013
22	143	0.182395	0.182395006
22	144	0.187751	0.187751003
22	145	0.193251	0.193251001
22	146	0.198908	0.198908001
22	147	0.204365	0.204365
22	148	0.208577	0.208577
22	149	0.219861	0.219861
22	150	0.225564	0.225564
22	151	0.227172	0.227172
22	152	0.226727	0.226727
22	153	0.226491	0.226491
22	154	0.227826	0.227826
22	155	0.231198	0.231198
22	156	0.236609	0.236609
22	157	0.243918	0.243918
22	158	0.252994	0.252994
22	159	0.26375	0.26375
22	160	0.276089	0.276089
22	161	0.28978	0.28978
22	162	0.304244	0.304244
22	163	0.31829	0.31829
22	164	0.329996	0.329996
22	165	0.337128	0.337128
22	166	0.338314	0.338314
22	167	0.334168	0.334168
22	168	0.327077	0.327077
22	169	0.319648	0.319648
22	170	0.313405	0.313405
22	171	0.308719	0.308719
22	172	0.305406	0.305406
22	173	0.303201	0.303201
22	174	0.301896	0.301896
22	175	0.301334	0.301334
22	176	0.301383	0.301383
22	177	0.301923	0.301923
22	178	0.302843	0.302843
22	179	0.304046	0.304046
22	180	0.30544	0.30544
22	181	0.306946	0.306946
22	182	0.308491	0.308491
22	183	0.31001	0.31001
22	184	0.311443	0.311443
22	185	0.312738	0.312738
22	186	0.31385	0.31385
22	187	0.314744	0.314744
22	188	0.315392	0.315392
22	189	0.315776	0.315776
22	190	0.31589	0.31589
22	191	0.315737	0.315737
22	192	0.315329	0.315329
22	193	0.314687	0.314687
22	194	0.313837	0.313837
22	195	0.312812	0.312812
22	196	0.311644	0.311644
22	197	0.310368	0.310368
22	198	0.309018	0.309018
22	199	0.307624	0.307624
22	200	0.306214	0.306214
22	201	0.304812	0.304812
22	202	0.303438	0.303438
22	203	0.302108	0.302108
23	108	0.034343	0.316763274
23	109	0.033558	0.278032988
23	110	0.033464	0.261078079
23	111	0.033583	0.235017991
23	112	0.033774	0.200981062
23	113	0.033971	0.161987411
23	114	0.034142	0.122895092
23	115	0.034277	0.089341159
23	116	0.03439	0.065058258
23	117	0.034518	0.050162266
23	118	0.034721	0.042273664
23	119	0.035081	0.038677345
23	120	0.035702	0.037470884
23	121	0.036715	0.037650867
23	122	0.038288	0.038829733
23	123	0.040596	0.040934797
23	124	0.043812	0.044034342
23	125	0.048087	0.048235932
23	126	0.053531	0.053630966
23	127	0.060187	0.060253581
23	128	0.068013	0.068056791
23	129	0.076871	0.076899379
23	130	0.086536	0.086554099
23	131	0.096723	0.096734348
23	132	0.107117	0.107123982
23	133	0.117417	0.117421206
23	134	0.127366	0.127368474
23	135	0.136777	0.136778418
23	136	0.145538	0.14553879
23	137	0.153609	0.153609428
23	138	0.161008	0.161008226
23	139	0.167798	0.167798116
23	140	0.174071	0.174071058
23	141	0.179944	0.179944028
23	142	0.185552	0.185552014
23	143	0.191049	0.191049006
23	144	0.196592	0.196592003
23	145	0.202311	0.202311001
23	146	0.208196	0.208196
23	147	0.21388	0.21388
23	148	0.218372	0.218372
23	149	0.228702	0.228702
23	150	0.233963	0.233963
23	151	0.23555	0.23555
23	152	0.23533	0.23533
23	153	0.235354	0.235354
23	154	0.236874	0.236874
23	155	0.240341	0.240341
23	156	0.24577	0.24577
23	157	0.253043	0.253043
23	158	0.262045	0.262045
23	159	0.2727	0.2727
23	160	0.284926	0.284926
23	161	0.298518	0.298518
23	162	0.312955	0.312955
23	163	0.327151	0.327151
23	164	0.339349	0.339349
23	165	0.347507	0.347507
23	166	0.35033	0.35033
23	167	0.348259	0.348259
23	168	0.343221	0.343221
23	169	0.337299	0.337299
23	170	0.331756	0.331756
23	171	0.327076	0.327076
23	172	0.323397	0.323397
23	173	0.320748	0.320748
23	174	0.319097	0.319097
23	175	0.318352	0.318352
23	176	0.318384	0.318384
23	177	0.31905	0.31905
23	178	0.320208	0.320208
23	179	0.321728	0.321728
23	180	0.323493	0.323493
23	181	0.325397	0.325397
23	182	0.327344	0.327344
23	183	0.329248	0.329248
23	184	0.331033	0.331033
23	185	0.332629	0.332629
23	186	0.333979	0.333979
23	187	0.335035	0.335035
23	188	0.335761	0.335761
23	189	0.336134	0.336134
23	190	0.336147	0.336147
23	191	0.335803	0.335803
23	192	0.33512	0.33512
23	193	0.334126	0.334126
23	194	0.332857	0.332857
23	195	0.331355	0.331355
23	196	0.329666	0.329666
23	197	0.327837	0.327837
23	198	0.325911	0.325911
23	199	0.323931	0.323931
23	200	0.321933	0.321933
23	201	0.319949	0.319949
23	202	0.318006	0.318006
23	203	0.316126	0.316126
24	108	0.039183	0.313614972
24	109	0.038534	0.276801924
24	110	0.03845	0.258782445
24	111	0.038534	0.232671603
24	112	0.038672	0.199352365
24	113	0.038812	0.161552455
24	114	0.038928	0.123828881
24	115	0.039018	0.091539028
24	116	0.039098	0.068226197
24	117	0.039206	0.053973164
24	118	0.0394	0.046469474
24	119	0.039765	0.04309818
24	120	0.040406	0.042032279
24	121	0.041457	0.042316343
24	122	0.043098	0.043599301
24	123	0.045521	0.045838921
24	124	0.048913	0.049124967
24	125	0.053439	0.053583089
24	126	0.05922	0.059317944
24	127	0.066297	0.066362929
24	128	0.074612	0.074655758
24	129	0.083999	0.084027585
24	130	0.094194	0.094212362
24	131	0.104868	0.104879589
24	132	0.115664	0.115671175
24	133	0.126253	0.126257347
24	134	0.136363	0.13636557
24	135	0.145806	0.14580748
24	136	0.154486	0.154486828
24	137	0.162385	0.162385449
24	138	0.169555	0.169555237
24	139	0.17609	0.176090121
24	140	0.18212	0.18212006
24	141	0.187791	0.187791029
24	142	0.193266	0.193266014
24	143	0.198713	0.198713006
24	144	0.204297	0.204297003
24	145	0.210138	0.210138001
24	146	0.216202	0.216202
24	147	0.222105	0.222105
24	148	0.226877	0.226877
24	149	0.236169	0.236169
24	150	0.240831	0.240831
24	151	0.242105	0.242105
24	152	0.241704	0.241704
24	153	0.24151	0.24151
24	154	0.2427	0.2427
24	155	0.245718	0.245718
24	156	0.250599	0.250599
24	157	0.257236	0.257236
24	158	0.265524	0.265524
24	159	0.275387	0.275387
24	160	0.286754	0.286754
24	161	0.29946	0.29946
24	162	0.313082	0.313082
24	163	0.326737	0.326737
24	164	0.338989	0.338989
24	165	0.348147	0.348147
24	166	0.353081	0.353081
24	167	0.353945	0.353945
24	168	0.35194	0.35194
24	169	0.348362	0.348362
24	170	0.344089	0.344089
24	171	0.339743	0.339743
24	172	0.335868	0.335868
24	173	0.332869	0.332869
24	174	0.330935	0.330935
24	175	0.330062	0.330062
24	176	0.330131	0.330131
24	177	0.330979	0.330979
24	178	0.33243	0.33243
24	179	0.334323	0.334323
24	180	0.336509	0.336509
24	181	0.338855	0.338855
24	182	0.341243	0.341243
24	183	0.343565	0.343565
24	184	0.345724	0.345724
24	185	0.347635	0.347635
24	186	0.349225	0.349225
24	187	0.350434	0.350434
24	188	0.351219	0.351219
24	189	0.351551	0.351551
24	190	0.351421	0.351421
24	191	0.350835	0.350835
24	192	0.349816	0.349816
24	193	0.348401	0.348401
24	194	0.346638	0.346638
24	195	0.34458	0.34458
24	196	0.342286	0.342286
24	197	0.339817	0.339817
24	198	0.337228	0.337228
24	199	0.334574	0.334574
24	200	0.331901	0.331901
24	201	0.329251	0.329251
24	202	0.326657	0.326657
24	203	0.324147	0.324147
25	108	0.045377	0.304960533
25	109	0.044987	0.272797623
25	110	0.044973	0.254742344
25	111	0.045064	0.229308123
25	112	0.045179	0.197277285
25	113	0.045285	0.16115555
25	114	0.045365	0.125223999
25	115	0.045422	0.094558144
25	116	0.045476	0.072506268
25	117	0.045567	0.05910717
25	118	0.045757	0.052133491
25	119	0.046132	0.049080916
25	120	0.046801	0.048215808
25	121	0.047903	0.048646555
25	122	0.049632	0.050070302
25	123	0.052194	0.052477968
25	124	0.055792	0.055985879
25	125	0.060603	0.060737578
25	126	0.066751	0.066844035
25	127	0.074267	0.074330463
25	128	0.083067	0.08310957
25	129	0.092947	0.092975051
25	130	0.103593	0.103611151
25	131	0.11463	0.114641529
25	132	0.125663	0.125670178
25	133	0.136338	0.13634237
25	134	0.146379	0.146381596
25	135	0.155609	0.1556105
25	136	0.163954	0.163954842
25	137	0.171431	0.171431458
25	138	0.178127	0.178127241
25	139	0.184179	0.184179123
25	140	0.189752	0.189752061
25	141	0.195031	0.195031029
25	142	0.200211	0.200211013
25	143	0.205485	0.205485006
25	144	0.211033	0.211033002
25	145	0.21697	0.216970001
25	146	0.223242	0.223242
25	147	0.229427	0.229427
25	148	0.23454	0.23454
25	149	0.242852	0.242852
25	150	0.246828	0.246828
25	151	0.247513	0.247513
25	152	0.246505	0.246505
25	153	0.245589	0.245589
25	154	0.245917	0.245917
25	155	0.247954	0.247954
25	156	0.251755	0.251755
25	157	0.257224	0.257224
25	158	0.264252	0.264252
25	159	0.272759	0.272759
25	160	0.282679	0.282679
25	161	0.293891	0.293891
25	162	0.3061	0.3061
25	163	0.318692	0.318692
25	164	0.33065	0.33065
25	165	0.340748	0.340748
25	166	0.348056	0.348056
25	167	0.352359	0.352359
25	168	0.353958	0.353958
25	169	0.353215	0.353215
25	170	0.35056	0.35056
25	171	0.346767	0.346767
25	172	0.342828	0.342828
25	173	0.339564	0.339564
25	174	0.337406	0.337406
25	175	0.33645	0.33645
25	176	0.336595	0.336595
25	177	0.337654	0.337654
25	178	0.339422	0.339422
25	179	0.341705	0.341705
25	180	0.344322	0.344322
25	181	0.347117	0.347117
25	182	0.349945	0.349945
25	183	0.352678	0.352678
25	184	0.355199	0.355199
25	185	0.357408	0.357408
25	186	0.359216	0.359216
25	187	0.360551	0.360551
25	188	0.361361	0.361361
25	189	0.361615	0.361615
25	190	0.3613	0.3613
25	191	0.360426	0.360426
25	192	0.359023	0.359023
25	193	0.357137	0.357137
25	194	0.354826	0.354826
25	195	0.352158	0.352158
25	196	0.349207	0.349207
25	197	0.346045	0.346045
25	198	0.342742	0.342742
25	199	0.339365	0.339365
25	200	0.33597	0.33597
25	201	0.332609	0.332609
25	202	0.329321	0.329321
25	203	0.32614	0.32614
26	108	0.053488	0.289924082
26	109	0.053439	0.264698095
26	110	0.053542	0.247832601
26	111	0.053676	0.224020251
26	112	0.053803	0.194088152
26	113	0.053903	0.160376219
26	114	0.053972	0.126916434
26	115	0.054016	0.098471437
26	116	0.05406	0.078150914
26	117	0.054147	0.065945006
26	118	0.054341	0.059722637
26	119	0.054731	0.05712235
26	120	0.05543	0.056535019
26	121	0.056582	0.057154155
26	122	0.05839	0.058733562
26	123	0.061079	0.061310521
26	124	0.06486	0.065024806
26	125	0.069919	0.070037419
26	126	0.076371	0.076455014
26	127	0.084229	0.084287407
26	128	0.093374	0.093413728
26	129	0.103555	0.103581452
26	130	0.114412	0.114429254
26	131	0.125528	0.125539028
26	132	0.136484	0.136490901
26	133	0.146919	0.146923219
26	134	0.156568	0.156570515
26	135	0.165281	0.165282458
26	136	0.173018	0.17301882
26	137	0.179834	0.179834446
26	138	0.185858	0.185858235
26	139	0.191263	0.19126312
26	140	0.196257	0.196257059
26	141	0.201062	0.201062028
26	142	0.205905	0.205905012
26	143	0.211012	0.211012005
26	144	0.216582	0.216582002
26	145	0.222731	0.222731001
26	146	0.22938	0.22938
26	147	0.236049	0.236049
26	148	0.241676	0.241676
26	149	0.249214	0.249214
26	150	0.252502	0.252502
26	151	0.252366	0.252366
26	152	0.250352	0.250352
26	153	0.24824	0.24824
26	154	0.247228	0.247228
26	155	0.247833	0.247833
26	156	0.250143	0.250143
26	157	0.25407	0.25407
26	158	0.259496	0.259496
26	159	0.266327	0.266327
26	160	0.274496	0.274496
26	161	0.283924	0.283924
26	162	0.294446	0.294446
26	163	0.305723	0.305723
26	164	0.317174	0.317174
26	165	0.328043	0.328043
26	166	0.337596	0.337596
26	167	0.345224	0.345224
26	168	0.350326	0.350326
26	169	0.352353	0.352353
26	170	0.351318	0.351318
26	171	0.348142	0.348142
26	172	0.344235	0.344235
26	173	0.340799	0.340799
26	174	0.338493	0.338493
26	175	0.337507	0.337507
26	176	0.337755	0.337755
26	177	0.339034	0.339034
26	178	0.341111	0.341111
26	179	0.343761	0.343761
26	180	0.34678	0.34678
26	181	0.349983	0.349983
26	182	0.353208	0.353208
26	183	0.356305	0.356305
26	184	0.35914	0.35914
26	185	0.361597	0.361597
26	186	0.363574	0.363574
26	187	0.364989	0.364989
26	188	0.365782	0.365782
26	189	0.365917	0.365917
26	190	0.365382	0.365382
26	191	0.36419	0.36419
26	192	0.362377	0.362377
26	193	0.359998	0.359998
26	194	0.357125	0.357125
26	195	0.353838	0.353838
26	196	0.350223	0.350223
26	197	0.346368	0.346368
26	198	0.342354	0.342354
26	199	0.338259	0.338259
26	200	0.334152	0.334152
26	201	0.33009	0.33009
26	202	0.326121	0.326121
26	203	0.322284	0.322284
27	108	0.064216	0.269038991
27	109	0.064536	0.251904265
27	110	0.064785	0.237422789
27	111	0.064998	0.21624396
27	112	0.065173	0.189351934
27	113	0.065308	0.158973464
27	114	0.065403	0.128874303
27	115	0.06547	0.103455261
27	116	0.065534	0.085526467
27	117	0.06564	0.07499022
27	118	0.065851	0.069825288
27	119	0.066257	0.067855768
27	120	0.06697	0.067632691
27	121	0.068135	0.068460976
27	122	0.069962	0.070168368
27	123	0.072681	0.07283567
27	124	0.076508	0.07662941
27	125	0.081624	0.081717674
27	126	0.088129	0.08819875
27	127	0.096009	0.096059091
27	128	0.105108	0.105142827
27	129	0.115135	0.11515854
27	130	0.125697	0.125712515
27	131	0.136361	0.136370989
27	132	0.146712	0.146718283
27	133	0.156412	0.156415855
27	134	0.16523	0.165232304
27	135	0.173058	0.173059338
27	136	0.179899	0.179899754
27	137	0.185848	0.185848411
27	138	0.191068	0.191068216
27	139	0.19577	0.19577011
27	140	0.200192	0.200192053
27	141	0.20459	0.204590025
27	142	0.209224	0.209224011
27	143	0.214349	0.214349004
27	144	0.220185	0.220185001
27	145	0.226854	0.226854
27	146	0.234239	0.234239
27	147	0.241771	0.241771
27	148	0.248237	0.248237
27	149	0.255355	0.255355
27	150	0.258035	0.258035
27	151	0.256895	0.256895
27	152	0.253509	0.253509
27	153	0.249773	0.249773
27	154	0.247013	0.247013
27	155	0.24584	0.24584
27	156	0.246388	0.246388
27	157	0.248576	0.248576
27	158	0.252269	0.252269
27	159	0.257353	0.257353
27	160	0.263749	0.263749
27	161	0.271404	0.271404
27	162	0.280257	0.280257
27	163	0.29019	0.29019
27	164	0.300978	0.300978
27	165	0.312248	0.312248
27	166	0.323408	0.323408
27	167	0.333526	0.333526
27	168	0.341285	0.341285
27	169	0.345445	0.345445
27	170	0.345718	0.345718
27	171	0.343132	0.343132
27	172	0.339394	0.339394
27	173	0.335972	0.335972
27	174	0.333687	0.333687
27	175	0.332793	0.332793
27	176	0.333218	0.333218
27	177	0.334746	0.334746
27	178	0.337126	0.337126
27	179	0.340112	0.340112
27	180	0.343481	0.343481
27	181	0.34703	0.34703
27	182	0.35058	0.35058
27	183	0.353967	0.353967
27	184	0.357044	0.357044
27	185	0.35968	0.35968
27	186	0.361764	0.361764
27	187	0.363206	0.363206
27	188	0.363941	0.363941
27	189	0.363928	0.363928
27	190	0.363158	0.363158
27	191	0.361646	0.361646
27	192	0.359436	0.359436
27	193	0.356592	0.356592
27	194	0.353195	0.353195
27	195	0.349337	0.349337
27	196	0.345117	0.345117
27	197	0.340634	0.340634
27	198	0.335981	0.335981
27	199	0.331246	0.331246
27	200	0.326505	0.326505
27	201	0.321823	0.321823
27	202	0.317255	0.317255
27	203	0.312842	0.312842
28	108	0.07839	0.241091608
28	109	0.079052	0.232751091
28	110	0.079464	0.221869561
28	111	0.079793	0.204525681
28	112	0.080069	0.181927334
28	113	0.080297	0.156200102
28	114	0.080481	0.130787229
28	115	0.080632	0.10960523
28	116	0.080771	0.095044025
28	117	0.080937	0.086865465
28	118	0.081186	0.083190545
28	119	0.081598	0.082087114
28	120	0.082278	0.082321468
28	121	0.083359	0.083340072
28	122	0.085043	0.085056646
28	123	0.087553	0.087599279
28	124	0.091093	0.09115285
28	125	0.095828	0.095886264
28	126	0.101837	0.101886083
28	127	0.109082	0.10911985
28	128	0.117384	0.117411477
28	129	0.126442	0.126461076
28	130	0.135872	0.135884785
28	131	0.145265	0.145273316
28	132	0.154256	0.154261262
28	133	0.162563	0.162566239
28	134	0.170015	0.170016939
28	135	0.176555	0.176556127
28	136	0.182228	0.182228635
28	137	0.187163	0.187163346
28	138	0.191549	0.191549182
28	139	0.195615	0.195615092
28	140	0.199622	0.199622044
28	141	0.203845	0.20384502
28	142	0.208573	0.208573009
28	143	0.214085	0.214085003
28	144	0.220626	0.220626001
28	145	0.228316	0.228316
28	146	0.236988	0.236988
28	147	0.24594	0.24594
28	148	0.253723	0.253723
28	149	0.260889	0.260889
28	150	0.263103	0.263103
28	151	0.260798	0.260798
28	152	0.255688	0.255688
28	153	0.249917	0.249917
28	154	0.245041	0.245041
28	155	0.241807	0.241807
28	156	0.240405	0.240405
28	157	0.240756	0.240756
28	158	0.242701	0.242701
28	159	0.246092	0.246092
28	160	0.250825	0.250825
28	161	0.256848	0.256848
28	162	0.264149	0.264149
28	163	0.272741	0.272741
28	164	0.282616	0.282616
28	165	0.293633	0.293633
28	166	0.305293	0.305293
28	167	0.316485	0.316485
28	168	0.325517	0.325517
28	169	0.330816	0.330816
28	170	0.331958	0.331958
28	171	0.329997	0.329997
28	172	0.326732	0.326732
28	173	0.323709	0.323709
28	174	0.321796	0.321796
28	175	0.321268	0.321268
28	176	0.322057	0.322057
28	177	0.323947	0.323947
28	178	0.326679	0.326679
28	179	0.330003	0.330003
28	180	0.333689	0.333689
28	181	0.33753	0.33753
28	182	0.341336	0.341336
28	183	0.344938	0.344938
28	184	0.348181	0.348181
28	185	0.350929	0.350929
28	186	0.353065	0.353065
28	187	0.354495	0.354495
28	188	0.355149	0.355149
28	189	0.354989	0.354989
28	190	0.354005	0.354005
28	191	0.352219	0.352219
28	192	0.349678	0.349678
28	193	0.346454	0.346454
28	194	0.342637	0.342637
28	195	0.338329	0.338329
28	196	0.333639	0.333639
28	197	0.328672	0.328672
28	198	0.323532	0.323532
28	199	0.318313	0.318313
28	200	0.313096	0.313096
28	201	0.307954	0.307954
28	202	0.302942	0.302942
28	203	0.298107	0.298107
29	108	0.096966	0.210114655
29	109	0.097916	0.209470516
29	110	0.09851	0.202735474
29	111	0.09901	0.189962306
29	112	0.099465	0.172601125
29	113	0.09988	0.15268222
29	114	0.100256	0.133262893
29	115	0.100592	0.117613448
29	116	0.100897	0.107522905
29	117	0.101191	0.102517963
29	118	0.101508	0.100855274
29	119	0.101904	0.1008946
29	120	0.102454	0.101662043
29	121	0.103262	0.102779047
29	122	0.104495	0.104250705
29	123	0.106344	0.106246261
29	124	0.108987	0.108965801
29	125	0.112563	0.112575138
29	126	0.117143	0.117165458
29	127	0.122688	0.122710231
29	128	0.129043	0.129061166
29	129	0.135956	0.135969449
29	130	0.143111	0.143120351
29	131	0.15019	0.150196212
29	132	0.156921	0.156924976
29	133	0.163106	0.163108463
29	134	0.168645	0.168646478
29	135	0.173531	0.17353186
29	136	0.177838	0.177838484
29	137	0.18171	0.181710263
29	138	0.185338	0.185338138
29	139	0.188957	0.188957069
29	140	0.192826	0.192826033
29	141	0.197233	0.197233015
29	142	0.20248	0.202480006
29	143	0.208873	0.208873002
29	144	0.216673	0.216673
29	145	0.225999	0.225999
29	146	0.236621	0.236621
29	147	0.247656	0.247656
29	148	0.257323	0.257323
29	149	0.265061	0.265061
29	150	0.26697	0.26697
29	151	0.263334	0.263334
29	152	0.256134	0.256134
29	153	0.247912	0.247912
29	154	0.240552	0.240552
29	155	0.234982	0.234982
29	156	0.231449	0.231449
29	157	0.229866	0.229866
29	158	0.230032	0.230032
29	159	0.231751	0.231751
29	160	0.234874	0.234874
29	161	0.239317	0.239317
29	162	0.245061	0.245061
29	163	0.252152	0.252152
29	164	0.260656	0.260656
29	165	0.270522	0.270522
29	166	0.28132	0.28132
29	167	0.29195	0.29195
29	168	0.300741	0.300741
29	169	0.306172	0.306172
29	170	0.307841	0.307841
29	171	0.306722	0.306722
29	172	0.304454	0.304454
29	173	0.302437	0.302437
29	174	0.301446	0.301446
29	175	0.301722	0.301722
29	176	0.303193	0.303193
29	177	0.305652	0.305652
29	178	0.308859	0.308859
29	179	0.312576	0.312576
29	180	0.316585	0.316585
29	181	0.320687	0.320687
29	182	0.3247	0.3247
29	183	0.328459	0.328459
29	184	0.33181	0.33181
29	185	0.33462	0.33462
29	186	0.336773	0.336773
29	187	0.338175	0.338175
29	188	0.338759	0.338759
29	189	0.33849	0.33849
29	190	0.33736	0.33736
29	191	0.335395	0.335395
29	192	0.332648	0.332648
29	193	0.329196	0.329196
29	194	0.325134	0.325134
29	195	0.320571	0.320571
29	196	0.315619	0.315619
29	197	0.310391	0.310391
29	198	0.304993	0.304993
29	199	0.299523	0.299523
29	200	0.294067	0.294067
29	201	0.288696	0.288696
29	202	0.28347	0.28347
29	203	0.278434	0.278434
30	108	0.121108	0.176841841
30	109	0.122301	0.182523793
30	110	0.123116	0.180142505
30	111	0.123874	0.172518204
30	112	0.124626	0.161330189
30	113	0.125372	0.148522649
30	114	0.126095	0.136658998
30	115	0.126773	0.128146274
30	116	0.127385	0.123926511
30	117	0.127912	0.123140296
30	118	0.128344	0.124160246
30	119	0.128681	0.125679942
30	120	0.12894	0.127040676
30	121	0.129164	0.128069629
30	122	0.129448	0.128867032
30	123	0.129923	0.129639777
30	124	0.130728	0.130604169
30	125	0.131997	0.131951869
30	126	0.133823	0.1338131
30	127	0.136238	0.136241649
30	128	0.139191	0.139198304
30	129	0.142561	0.142567989
30	130	0.146181	0.146186457
30	131	0.149874	0.149877849
30	132	0.153487	0.153489545
30	133	0.156915	0.156916603
30	134	0.160116	0.16011697
30	135	0.163109	0.163109567
30	136	0.165971	0.165971319
30	137	0.168833	0.168833174
30	138	0.171868	0.171868091
30	139	0.175287	0.175287045
30	140	0.179338	0.179338021
30	141	0.184303	0.184303009
30	142	0.190494	0.190494003
30	143	0.198234	0.198234001
30	144	0.207808	0.207808
30	145	0.21933	0.219329999
30	146	0.232501	0.232501
30	147	0.246222	0.246222
30	148	0.258297	0.258297
30	149	0.267078	0.267078
30	150	0.268814	0.268814
30	151	0.263672	0.263672
30	152	0.254025	0.254025
30	153	0.242958	0.242958
30	154	0.232773	0.232773
30	155	0.224604	0.224604
30	156	0.218753	0.218753
30	157	0.215104	0.215104
30	158	0.213397	0.213397
30	159	0.213365	0.213365
30	160	0.214794	0.214794
30	161	0.217539	0.217539
30	162	0.221531	0.221531
30	163	0.226772	0.226772
30	164	0.233303	0.233303
30	165	0.24108	0.24108
30	166	0.249745	0.249745
30	167	0.258403	0.258403
30	168	0.265722	0.265722
30	169	0.270544	0.270544
30	170	0.272602	0.272602
30	171	0.272676	0.272676
30	172	0.272019	0.272019
30	173	0.271676	0.271676
30	174	0.272205	0.272205
30	175	0.273758	0.273758
30	176	0.276252	0.276252
30	177	0.279509	0.279509
30	178	0.283324	0.283324
30	179	0.287495	0.287495
30	180	0.291837	0.291837
30	181	0.296175	0.296175
30	182	0.300349	0.300349
30	183	0.304209	0.304209
30	184	0.307616	0.307616
30	185	0.310448	0.310448
30	186	0.312596	0.312596
30	187	0.313976	0.313976
30	188	0.314527	0.314527
30	189	0.314218	0.314218
30	190	0.313047	0.313047
30	191	0.311044	0.311044
30	192	0.308264	0.308264
30	193	0.304787	0.304787
30	194	0.300712	0.300712
30	195	0.296145	0.296145
30	196	0.291202	0.291202
30	197	0.285994	0.285994
30	198	0.280627	0.280627
30	199	0.275199	0.275199
30	200	0.269793	0.269793
30	201	0.26448	0.26448
30	202	0.259319	0.259319
30	203	0.254354	0.254354
31	108	0.152303	0.145051779
31	109	0.153728	0.155292304
31	110	0.154836	0.156929318
31	111	0.155975	0.154527282
31	112	0.157193	0.150024507
31	113	0.158469	0.14531359
31	114	0.159759	0.142408538
31	115	0.161001	0.142642025
31	116	0.162122	0.145804521
31	117	0.163034	0.150421282
31	118	0.163645	0.154898162
31	119	0.163859	0.158280568
31	120	0.163591	0.160262746
31	121	0.162779	0.16090173
31	122	0.161405	0.160398761
31	123	0.159518	0.159005141
31	124	0.157235	0.156987491
31	125	0.154731	0.154619143
31	126	0.152216	0.152169828
31	127	0.149895	0.149878663
31	128	0.147934	0.147930083
31	129	0.146434	0.146434562
31	130	0.145427	0.145428712
31	131	0.144899	0.144900641
31	132	0.144805	0.144806238
31	133	0.145102	0.145102833
31	134	0.145766	0.145766522
31	135	0.146805	0.146805311
31	136	0.148266	0.148266176
31	137	0.150236	0.150236096
31	138	0.152846	0.15284605
31	139	0.156269	0.156269024
31	140	0.160727	0.160727011
31	141	0.166487	0.166487004
31	142	0.173865	0.173865001
31	143	0.183204	0.183204
31	144	0.194812	0.194811999
31	145	0.208813	0.208812999
31	146	0.22484	0.224839999
31	147	0.24157	0.24157
31	148	0.256341	0.256341
31	149	0.266461	0.266461
31	150	0.268084	0.268084
31	151	0.261286	0.261286
31	152	0.24893	0.24893
31	153	0.234756	0.234756
31	154	0.221533	0.221533
31	155	0.210614	0.210614
31	156	0.202337	0.202337
31	157	0.196534	0.196534
31	158	0.192867	0.192867
31	159	0.190985	0.190985
31	160	0.190594	0.190594
31	161	0.191471	0.191471
31	162	0.19347	0.19347
31	163	0.196516	0.196516
31	164	0.20058	0.20058
31	165	0.205599	0.205599
31	166	0.211317	0.211317
31	167	0.217159	0.217159
31	168	0.222323	0.222323
31	169	0.226162	0.226162
31	170	0.228593	0.228593
31	171	0.230123	0.230123
31	172	0.231478	0.231478
31	173	0.233223	0.233223
31	174	0.235622	0.235622
31	175	0.23871	0.23871
31	176	0.242392	0.242392
31	177	0.246529	0.246529
31	178	0.250969	0.250969
31	179	0.255563	0.255563
31	180	0.260172	0.260172
31	181	0.264661	0.264661
31	182	0.268903	0.268903
31	183	0.272775	0.272775
31	184	0.276161	0.276161
31	185	0.278957	0.278957
31	186	0.281071	0.281071
31	187	0.282432	0.282432
31	188	0.282988	0.282988
31	189	0.282718	0.282718
31	190	0.281624	0.281624
31	191	0.279739	0.279739
31	192	0.27712	0.27712
31	193	0.273846	0.273846
31	194	0.27001	0.27001
31	195	0.265717	0.265717
31	196	0.261076	0.261076
31	197	0.256194	0.256194
31	198	0.251172	0.251172
31	199	0.246099	0.246099
31	200	0.241056	0.241056
31	201	0.236109	0.236109
31	202	0.231311	0.231311
31	203	0.226704	0.226704
32	108	0.192309	0.116920997
32	109	0.193985	0.130332698
32	110	0.195484	0.135515232
32	111	0.197166	0.138205137
32	112	0.199064	0.140657297
32	113	0.201128	0.144829331
32	114	0.20327	0.152190571
32	115	0.205368	0.16279608
32	116	0.207263	0.174957849
32	117	0.208762	0.186300493
32	118	0.209638	0.195123432
32	119	0.209644	0.200801029
32	120	0.208533	0.203399615
32	121	0.206088	0.203229944
32	122	0.202144	0.200612871
32	123	0.19667	0.195880075
32	124	0.189815	0.189422877
32	125	0.181911	0.181724194
32	126	0.173421	0.173336012
32	127	0.164867	0.164830413
32	128	0.156737	0.156722361
32	129	0.149406	0.149400769
32	130	0.143113	0.143111515
32	131	0.137965	0.137964844
32	132	0.133972	0.133972217
32	133	0.13109	0.131090251
32	134	0.12926	0.129260192
32	135	0.128435	0.128435125
32	136	0.128597	0.128597074
32	137	0.129771	0.129771041
32	138	0.132029	0.132029021
32	139	0.135497	0.13549701
32	140	0.140363	0.140363004
32	141	0.146879	0.146879001
32	142	0.155362	0.155361999
32	143	0.166175	0.166174999
32	144	0.179658	0.179657999
32	145	0.195955	0.195954999
32	146	0.214658	0.214657999
32	147	0.234246	0.234246
32	148	0.251601	0.251601
32	149	0.263068	0.263068
32	150	0.264545	0.264545
32	151	0.256035	0.256035
32	152	0.240931	0.240931
32	153	0.223661	0.223661
32	154	0.207467	0.207467
32	155	0.193891	0.193891
32	156	0.183285	0.183285
32	157	0.175413	0.175413
32	158	0.169849	0.169849
32	159	0.166156	0.166156
32	160	0.163956	0.163956
32	161	0.16295	0.16295
32	162	0.162913	0.162913
32	163	0.163691	0.163691
32	164	0.165187	0.165187
32	165	0.16732	0.16732
32	166	0.169955	0.169955
32	167	0.172863	0.172863
32	168	0.175779	0.175779
32	169	0.178569	0.178569
32	170	0.181309	0.181309
32	171	0.184215	0.184215
32	172	0.187479	0.187479
32	173	0.191181	0.191181
32	174	0.195294	0.195294
32	175	0.199737	0.199737
32	176	0.204412	0.204412
32	177	0.209221	0.209221
32	178	0.214072	0.214072
32	179	0.218877	0.218877
32	180	0.223546	0.223546
32	181	0.227991	0.227991
32	182	0.232121	0.232121
32	183	0.235848	0.235848
32	184	0.239082	0.239082
32	185	0.241744	0.241744
32	186	0.243762	0.243762
32	187	0.245079	0.245079
32	188	0.24566	0.24566
32	189	0.245488	0.245488
32	190	0.244573	0.244573
32	191	0.242948	0.242948
32	192	0.240668	0.240668
32	193	0.237805	0.237805
32	194	0.234445	0.234445
32	195	0.230685	0.230685
32	196	0.226622	0.226622
32	197	0.222351	0.222351
32	198	0.217963	0.217963
32	199	0.213538	0.213538
32	200	0.209146	0.209146
32	201	0.204846	0.204846
32	202	0.200685	0.200685
32	203	0.196699	0.196699
33	108	0.242593	0.093164714
33	109	0.244544	0.108975207
33	110	0.246549	0.117385499
33	111	0.248963	0.125071331
33	112	0.251794	0.134734504
33	113	0.254953	0.148532391
33	114	0.258293	0.167431704
33	115	0.261604	0.190063957
33	116	0.264605	0.212932888
33	117	0.266944	0.232434746
33	118	0.268194	0.246577665
33	119	0.267882	0.25501012
33	120	0.265529	0.258173447
33	121	0.260716	0.256660126
33	122	0.253104	0.250941121
33	123	0.24263	0.241513906
33	124	0.229601	0.22904375
33	125	0.214673	0.214403928
33	126	0.198748	0.198622433
33	127	0.182801	0.182744423
33	128	0.167703	0.167678435
33	129	0.1541	0.15408976
33	130	0.142369	0.142364933
33	131	0.132651	0.132649485
33	132	0.124925	0.124924488
33	133	0.119072	0.119071856
33	134	0.114944	0.114943977
33	135	0.112402	0.112402009
33	136	0.111344	0.111344012
33	137	0.111719	0.111719008
33	138	0.113536	0.113536004
33	139	0.116875	0.116875001
33	140	0.121888	0.121887999
33	141	0.128811	0.128810999
33	142	0.137961	0.137960999
33	143	0.149722	0.149721999
33	144	0.164468	0.164467999
33	145	0.182381	0.182380999
33	146	0.203044	0.203043999
33	147	0.224801	0.224801
33	148	0.244162	0.244162
33	149	0.256664	0.256664
33	150	0.257889	0.257889
33	151	0.247775	0.247775
33	152	0.230215	0.230215
33	153	0.210256	0.210256
33	154	0.191537	0.191537
33	155	0.175739	0.175739
33	156	0.163196	0.163196
33	157	0.153602	0.153602
33	158	0.146447	0.146447
33	159	0.141221	0.141221
33	160	0.13748	0.13748
33	161	0.134862	0.134862
33	162	0.133084	0.133084
33	163	0.13193	0.13193
33	164	0.131256	0.131256
33	165	0.130974	0.130974
33	166	0.131056	0.131056
33	167	0.131548	0.131548
33	168	0.132602	0.132602
33	169	0.134458	0.134458
33	170	0.137292	0.137292
33	171	0.141078	0.141078
33	172	0.145588	0.145588
33	173	0.150531	0.150531
33	174	0.155663	0.155663
33	175	0.160825	0.160825
33	176	0.165925	0.165925
33	177	0.170908	0.170908
33	178	0.175733	0.175733
33	179	0.180363	0.180363
33	180	0.184756	0.184756
33	181	0.188863	0.188863
33	182	0.192631	0.192631
33	183	0.196001	0.196001
33	184	0.198912	0.198912
33	185	0.201307	0.201307
33	186	0.203137	0.203137
33	187	0.204361	0.204361
33	188	0.204954	0.204954
33	189	0.20491	0.20491
33	190	0.204241	0.204241
33	191	0.202976	0.202976
33	192	0.201166	0.201166
33	193	0.198874	0.198874
33	194	0.196173	0.196173
33	195	0.193144	0.193144
33	196	0.189869	0.189869
33	197	0.186428	0.186428
33	198	0.182897	0.182897
33	199	0.179343	0.179343
33	200	0.175822	0.175822
33	201	0.172384	0.172384
33	202	0.169066	0.169066
33	203	0.165898	0.165898
34	108	0.303066	0.075829697
34	109	0.305295	0.093737896
34	110	0.307917	0.105156616
34	111	0.31126	0.117671194
34	112	0.3153	0.134558811
34	113	0.319897	0.158335858
34	114	0.324826	0.189575807
34	115	0.32976	0.225436711
34	116	0.334253	0.260375161
34	117	0.337727	0.289254349
34	118	0.339477	0.30957007
34	119	0.338712	0.321123416
34	120	0.334638	0.324687209
34	121	0.326587	0.321144665
34	122	0.314059	0.311176696
34	123	0.297059	0.295580445
34	124	0.276243	0.275508365
34	125	0.252817	0.252463367
34	126	0.228306	0.228140954
34	127	0.204237	0.204162236
34	128	0.181863	0.18183009
34	129	0.162014	0.161999913
34	130	0.145092	0.145086137
34	131	0.131165	0.131162631
34	132	0.120082	0.120081075
34	133	0.111589	0.111588653
34	134	0.105408	0.105407876
34	135	0.101286	0.101285959
34	136	0.099029	0.099028987
34	137	0.098507	0.098506996
34	138	0.099671	0.099670998
34	139	0.102552	0.102551999
34	140	0.107273	0.107272999
34	141	0.11405	0.114049998
34	142	0.123198	0.123197999
34	143	0.135113	0.135112999
34	144	0.150202	0.150201999
34	145	0.168686	0.168685999
34	146	0.190181	0.190180999
34	147	0.212982	0.212982
34	148	0.233378	0.233378
34	149	0.246338	0.246338
34	150	0.247189	0.247189
34	151	0.235813	0.235813
34	152	0.216476	0.216476
34	153	0.194669	0.194669
34	154	0.174279	0.174279
34	155	0.157043	0.157043
34	156	0.143254	0.143254
34	157	0.132543	0.132543
34	158	0.124342	0.124342
34	159	0.118092	0.118092
34	160	0.113312	0.113312
34	161	0.109607	0.109607
34	162	0.106661	0.106661
34	163	0.104231	0.104231
34	164	0.102143	0.102143
34	165	0.100311	0.100311
34	166	0.098769	0.098769
34	167	0.097719	0.097719
34	168	0.097538	0.097538
34	169	0.098652	0.098652
34	170	0.101266	0.101266
34	171	0.105198	0.105198
34	172	0.109986	0.109986
34	173	0.115144	0.115144
34	174	0.120329	0.120329
34	175	0.125358	0.125358
34	176	0.130155	0.130155
34	177	0.134699	0.134699
34	178	0.138986	0.138986
34	179	0.143015	0.143015
34	180	0.146776	0.146776
34	181	0.150251	0.150251
34	182	0.153412	0.153412
34	183	0.156226	0.156226
34	184	0.158656	0.158656
34	185	0.160664	0.160664
34	186	0.162219	0.162219
34	187	0.163295	0.163295
34	188	0.163878	0.163878
34	189	0.163965	0.163965
34	190	0.16357	0.16357
34	191	0.162718	0.162718
34	192	0.161449	0.161449
34	193	0.159814	0.159814
34	194	0.157871	0.157871
34	195	0.155682	0.155682
34	196	0.153311	0.153311
34	197	0.15082	0.15082
34	198	0.148265	0.148265
34	199	0.145699	0.145699
34	200	0.143166	0.143166
34	201	0.1407	0.1407
34	202	0.138332	0.138332
34	203	0.136082	0.136082
35	108	0.370419	0.064080869
35	109	0.372887	0.084159196
35	110	0.376209	0.098536146
35	111	0.380656	0.115807412
35	112	0.38616	0.139877953
35	113	0.392525	0.173726736
35	114	0.399431	0.217650963
35	115	0.406405	0.267351965
35	116	0.412785	0.315140851
35	117	0.417701	0.354154711
35	118	0.420075	0.381165073
35	119	0.418695	0.395975473
35	120	0.412371	0.399608377
35	121	0.400151	0.393222448
35	122	0.381425	0.377785685
35	123	0.356429	0.354579524
35	124	0.326408	0.325498588
35	125	0.293359	0.292926071
35	126	0.259579	0.259379207
35	127	0.22717	0.227080472
35	128	0.197684	0.197644988
35	129	0.172005	0.171988457
35	130	0.150427	0.15042018
35	131	0.132835	0.132832276
35	132	0.118884	0.118882955
35	133	0.108139	0.108138622
35	134	0.100172	0.100171876
35	135	0.094613	0.094612967
35	136	0.091171	0.091170996
35	137	0.089647	0.089647004
35	138	0.089935	0.089935004
35	139	0.092024	0.092024002
35	140	0.096003	0.096003001
35	141	0.102064	0.102064
35	142	0.11051	0.11051
35	143	0.121734	0.121733999
35	144	0.136155	0.136154999
35	145	0.154034	0.154033999
35	146	0.17504	0.175039999
35	147	0.197522	0.197522
35	148	0.21775	0.21775
35	149	0.230448	0.230448
35	150	0.230858	0.230858
35	151	0.218822	0.218822
35	152	0.198769	0.198769
35	153	0.176348	0.176348
35	154	0.155488	0.155488
35	155	0.137881	0.137881
35	156	0.123763	0.123763
35	157	0.112723	0.112723
35	158	0.104169	0.104169
35	159	0.097532	0.097532
35	160	0.092327	0.092327
35	161	0.088159	0.088159
35	162	0.084713	0.084713
35	163	0.08174	0.08174
35	164	0.079063	0.079063
35	165	0.076594	0.076594
35	166	0.074383	0.074383
35	167	0.072669	0.072669
35	168	0.071876	0.071876
35	169	0.07245	0.07245
35	170	0.074572	0.074572
35	171	0.077994	0.077994
35	172	0.082197	0.082197
35	173	0.086672	0.086672
35	174	0.091083	0.091083
35	175	0.095269	0.095269
35	176	0.099179	0.099179
35	177	0.102814	0.102814
35	178	0.106192	0.106192
35	179	0.109327	0.109327
35	180	0.112228	0.112228
35	181	0.114893	0.114893
35	182	0.117311	0.117311
35	183	0.119466	0.119466
35	184	0.121338	0.121338
35	185	0.122904	0.122904
35	186	0.124146	0.124146
35	187	0.12505	0.12505
35	188	0.125609	0.125609
35	189	0.125822	0.125822
35	190	0.1257	0.1257
35	191	0.125264	0.125264
35	192	0.124543	0.124543
35	193	0.123572	0.123572
35	194	0.122393	0.122393
35	195	0.12105	0.12105
35	196	0.119586	0.119586
35	197	0.118045	0.118045
35	198	0.116466	0.116466
35	199	0.114885	0.114885
35	200	0.113332	0.113332
35	201	0.11183	0.11183
35	202	0.1104	0.1104
35	203	0.109055	0.109055
36	108	0.436834	0.057238734
36	109	0.439465	0.07968001
36	110	0.443506	0.096852056
36	111	0.449146	0.118553212
36	112	0.456272	0.149328379
36	113	0.464622	0.19258997
36	114	0.473775	0.248435562
36	115	0.48309	0.311279677
36	116	0.491656	0.37141793
36	117	0.498242	0.420263845
36	118	0.501319	0.453751804
36	119	0.499164	0.471512147
36	120	0.490122	0.47467514
36	121	0.472962	0.464637266
36	122	0.447056	0.442724936
36	123	0.413071	0.410896555
36	124	0.373088	0.372034541
36	125	0.330079	0.329586235
36	126	0.287167	0.286944225
36	127	0.246952	0.246854585
36	128	0.211137	0.211095828
36	129	0.180506	0.180489242
36	130	0.15513	0.155123494
36	131	0.134638	0.134635644
36	132	0.118452	0.118451248
36	133	0.105948	0.105947827
36	134	0.096552	0.096552012
36	135	0.089781	0.089781054
36	136	0.085263	0.085263051
36	137	0.082733	0.082733038
36	138	0.082037	0.082037025
36	139	0.083122	0.083122015
36	140	0.08604	0.086040008
36	141	0.090953	0.090953004
36	142	0.098129	0.098129002
36	143	0.107938	0.107938001
36	144	0.120785	0.120785
36	145	0.136946	0.136946
36	146	0.156161	0.156161
36	147	0.176925	0.176925
36	148	0.195724	0.195724
36	149	0.207414	0.207414
36	150	0.207414	0.207414
36	151	0.19555	0.19555
36	152	0.176129	0.176129
36	153	0.154601	0.154601
36	154	0.134685	0.134685
36	155	0.11793	0.11793
36	156	0.104505	0.104505
36	157	0.093989	0.093989
36	158	0.08581	0.08581
36	159	0.079427	0.079427
36	160	0.074389	0.074389
36	161	0.07033	0.07033
36	162	0.066959	0.066959
36	163	0.064048	0.064048
36	164	0.061431	0.061431
36	165	0.059019	0.059019
36	166	0.056844	0.056844
36	167	0.055107	0.055107
36	168	0.054164	0.054164
36	169	0.054386	0.054386
36	170	0.055899	0.055899
36	171	0.058464	0.058464
36	172	0.06162	0.06162
36	173	0.064946	0.064946
36	174	0.068177	0.068177
36	175	0.071198	0.071198
36	176	0.073985	0.073985
36	177	0.076551	0.076551
36	178	0.078918	0.078918
36	179	0.081106	0.081106
36	180	0.083129	0.083129
36	181	0.084991	0.084991
36	182	0.08669	0.08669
36	183	0.088219	0.088219
36	184	0.089569	0.089569
36	185	0.090728	0.090728
36	186	0.091687	0.091687
36	187	0.092439	0.092439
36	188	0.09298	0.09298
36	189	0.093312	0.093312
36	190	0.093442	0.093442
36	191	0.093384	0.093384
36	192	0.093156	0.093156
36	193	0.092781	0.092781
36	194	0.092284	0.092284
36	195	0.091692	0.091692
36	196	0.091032	0.091032
36	197	0.09033	0.09033
36	198	0.08961	0.08961
36	199	0.088893	0.088893
36	200	0.088198	0.088198
36	201	0.087537	0.087537
36	202	0.086924	0.086924
36	203	0.086366	0.086366
37	108	0.489874	0.05434102
37	109	0.492611	0.079144938
37	110	0.497298	0.09868874
37	111	0.504055	0.124035795
37	112	0.512732	0.160171811
37	113	0.523014	0.210911434
37	114	0.534382	0.276174684
37	115	0.546033	0.349398633
37	116	0.556795	0.419342817
37	117	0.565063	0.476036061
37	118	0.568816	0.514608408
37	119	0.56579	0.534373222
37	120	0.55386	0.536397925
37	121	0.531568	0.5222302
37	122	0.498395	0.493591619
37	123	0.455625	0.453250618
37	124	0.406327	0.405199862
37	125	0.354484	0.353970385
37	126	0.303942	0.303717574
37	127	0.25761	0.257516323
37	128	0.217154	0.21711703
37	129	0.183122	0.183108542
37	130	0.155291	0.155286773
37	131	0.133012	0.133011125
37	132	0.115485	0.115485179
37	133	0.101923	0.101923401
37	134	0.09163	0.091630362
37	135	0.084038	0.084038266
37	136	0.078712	0.078712179
37	137	0.075341	0.075341114
37	138	0.073726	0.07372607
37	139	0.07378	0.073780042
37	140	0.075514	0.075514024
37	141	0.079046	0.079046013
37	142	0.084596	0.084596007
37	143	0.09248	0.092480004
37	144	0.103059	0.103059002
37	145	0.116595	0.116595001
37	146	0.132899	0.132899
37	147	0.150697	0.150697
37	148	0.166911	0.166911
37	149	0.176924	0.176924
37	150	0.17664	0.17664
37	151	0.165885	0.165885
37	152	0.148538	0.148538
37	153	0.129456	0.129456
37	154	0.111903	0.111903
37	155	0.097194	0.097194
37	156	0.085437	0.085437
37	157	0.076239	0.076239
37	158	0.069089	0.069089
37	159	0.063515	0.063515
37	160	0.059126	0.059126
37	161	0.055611	0.055611
37	162	0.052723	0.052723
37	163	0.05027	0.05027
37	164	0.04811	0.04811
37	165	0.046158	0.046158
37	166	0.04442	0.04442
37	167	0.043022	0.043022
37	168	0.042213	0.042213
37	169	0.042251	0.042251
37	170	0.043211	0.043211
37	171	0.044896	0.044896
37	172	0.046965	0.046965
37	173	0.049121	0.049121
37	174	0.051193	0.051193
37	175	0.053116	0.053116
37	176	0.054882	0.054882
37	177	0.056507	0.056507
37	178	0.058012	0.058012
37	179	0.059412	0.059412
37	180	0.060719	0.060719
37	181	0.061938	0.061938
37	182	0.06307	0.06307
37	183	0.064114	0.064114
37	184	0.065066	0.065066
37	185	0.06592	0.06592
37	186	0.066673	0.066673
37	187	0.067322	0.067322
37	188	0.067865	0.067865
37	189	0.068305	0.068305
37	190	0.068645	0.068645
37	191	0.068892	0.068892
37	192	0.069058	0.069058
37	193	0.069152	0.069152
37	194	0.069189	0.069189
37	195	0.069182	0.069182
37	196	0.069145	0.069145
37	197	0.069091	0.069091
37	198	0.069032	0.069032
37	199	0.068979	0.068979
37	200	0.06894	0.06894
37	201	0.068922	0.068922
37	202	0.068931	0.068931
37	203	0.068971	0.068971
38	108	0.514139	0.054626413
38	109	0.517067	0.081591708
38	110	0.522235	0.1024986
38	111	0.529805	0.129932017
38	112	0.539628	0.169006774
38	113	0.551363	0.223584708
38	114	0.564429	0.293456423
38	115	0.577899	0.371657247
38	116	0.59039	0.44628532
38	117	0.599979	0.506689506
38	118	0.604226	0.547487362
38	119	0.600399	0.567602539
38	120	0.585999	0.5678668
38	121	0.559461	0.549853808
38	122	0.520503	0.515631741
38	123	0.471097	0.468739119
38	124	0.415249	0.414162306
38	125	0.357747	0.357272091
38	126	0.302867	0.302671936
38	127	0.253552	0.253478302
38	128	0.211243	0.21121884
38	129	0.17617	0.176164489
38	130	0.147809	0.147809608
38	131	0.125285	0.125287036
38	132	0.107635	0.107636927
38	133	0.093967	0.093968449
38	134	0.08352	0.08352099
38	135	0.075686	0.075686642
38	136	0.069997	0.069997404
38	137	0.06612	0.066120248
38	138	0.06383	0.063830149
38	139	0.063009	0.063009088
38	140	0.063631	0.063631051
38	141	0.065764	0.065764029
38	142	0.069566	0.069566016
38	143	0.07528	0.075280008
38	144	0.083193	0.083193004
38	145	0.093524	0.093524002
38	146	0.106147	0.106147001
38	147	0.120072	0.120072
38	148	0.132842	0.132842
38	149	0.140694	0.140694
38	150	0.140293	0.140293
38	151	0.131488	0.131488
38	152	0.117443	0.117443
38	153	0.102096	0.102096
38	154	0.088053	0.088053
38	155	0.076334	0.076334
38	156	0.067002	0.067002
38	157	0.059725	0.059725
38	158	0.05409	0.05409
38	159	0.049723	0.049723
38	160	0.046314	0.046314
38	161	0.043622	0.043622
38	162	0.041459	0.041459
38	163	0.03968	0.03968
38	164	0.038175	0.038175
38	165	0.036875	0.036875
38	166	0.035761	0.035761
38	167	0.034887	0.034887
38	168	0.034385	0.034385
38	169	0.034396	0.034396
38	170	0.034954	0.034954
38	171	0.035927	0.035927
38	172	0.037108	0.037108
38	173	0.03833	0.03833
38	174	0.039503	0.039503
38	175	0.0406	0.0406
38	176	0.041623	0.041623
38	177	0.042582	0.042582
38	178	0.043489	0.043489
38	179	0.044355	0.044355
38	180	0.045185	0.045185
38	181	0.045983	0.045983
38	182	0.046749	0.046749
38	183	0.047485	0.047485
38	184	0.048188	0.048188
38	185	0.048857	0.048857
38	186	0.049491	0.049491
38	187	0.050089	0.050089
38	188	0.050651	0.050651
38	189	0.051178	0.051178
38	190	0.051672	0.051672
38	191	0.052136	0.052136
38	192	0.052574	0.052574
38	193	0.05299	0.05299
38	194	0.05339	0.05339
38	195	0.053778	0.053778
38	196	0.05416	0.05416
38	197	0.054539	0.054539
38	198	0.054922	0.054922
38	199	0.05531	0.05531
38	200	0.055707	0.055707
38	201	0.056115	0.056115
38	202	0.056535	0.056535
38	203	0.056969	0.056969
39	108	0.495323	0.057619946
39	109	0.498802	0.086511577
39	110	0.504239	0.107409153
39	111	0.512098	0.134601832
39	112	0.522304	0.172975683
39	113	0.534547	0.226068144
39	114	0.548241	0.293584313
39	115	0.562423	0.36882073
39	116	0.575617	0.440452074
39	117	0.585742	0.498310554
39	118	0.590132	0.537031632
39	119	0.585818	0.555228503
39	120	0.570145	0.553354332
39	121	0.541604	0.5328228
39	122	0.500226	0.495868348
39	123	0.448557	0.446517228
39	124	0.391196	0.390303119
39	125	0.333269	0.332909727
39	126	0.279032	0.278904662
39	127	0.231153	0.231118486
39	128	0.190705	0.19070339
39	129	0.157601	0.157608468
39	130	0.131098	0.131106106
39	131	0.110194	0.110200394
39	132	0.093877	0.093881478
39	133	0.081241	0.081243952
39	134	0.071538	0.071539881
39	135	0.064174	0.064175172
39	136	0.058698	0.05869872
39	137	0.05478	0.054780436
39	138	0.052196	0.05219626
39	139	0.050811	0.050811153
39	140	0.05057	0.050570089
39	141	0.051493	0.05149305
39	142	0.053675	0.053675028
39	143	0.057273	0.057273015
39	144	0.062488	0.062488008
39	145	0.069477	0.069477004
39	146	0.078163	0.078163002
39	147	0.087856	0.087856001
39	148	0.09681	0.09681
39	149	0.102306	0.102306
39	150	0.101935	0.101935
39	151	0.095578	0.095578
39	152	0.085525	0.085525
39	153	0.074605	0.074605
39	154	0.064666	0.064666
39	155	0.056416	0.056416
39	156	0.049881	0.049881
39	157	0.044817	0.044817
39	158	0.040929	0.040929
39	159	0.037949	0.037949
39	160	0.035662	0.035662
39	161	0.033903	0.033903
39	162	0.032546	0.032546
39	163	0.031497	0.031497
39	164	0.030691	0.030691
39	165	0.030083	0.030083
39	166	0.029649	0.029649
39	167	0.029383	0.029383
39	168	0.029303	0.029303
39	169	0.029435	0.029435
39	170	0.029775	0.029775
39	171	0.030267	0.030267
39	172	0.030839	0.030839
39	173	0.031437	0.031437
39	174	0.032035	0.032035
39	175	0.032624	0.032624
39	176	0.033206	0.033206
39	177	0.033782	0.033782
39	178	0.034356	0.034356
39	179	0.03493	0.03493
39	180	0.035505	0.035505
39	181	0.036081	0.036081
39	182	0.036659	0.036659
39	183	0.037239	0.037239
39	184	0.03782	0.03782
39	185	0.038403	0.038403
39	186	0.038988	0.038988
39	187	0.039575	0.039575
39	188	0.040163	0.040163
39	189	0.040755	0.040755
39	190	0.04135	0.04135
39	191	0.04195	0.04195
39	192	0.042554	0.042554
39	193	0.043163	0.043163
39	194	0.043778	0.043778
39	195	0.044399	0.044399
39	196	0.045026	0.045026
39	197	0.04566	0.04566
39	198	0.0463	0.0463
39	199	0.046947	0.046947
39	200	0.047598	0.047598
39	201	0.048255	0.048255
39	202	0.048917	0.048917
39	203	0.049582	0.049582
40	108	0.136511	0.057416033
40	109	0.135356	0.083386789
40	110	0.134056	0.094306393
40	111	0.132635	0.103778646
40	112	0.131117	0.112392909
40	113	0.129522	0.119574395
40	114	0.127874	0.124430792
40	115	0.12619	0.126455973
40	116	0.124487	0.126060302
40	117	0.12278	0.124292308
40	118	0.121081	0.122121675
40	119	0.119401	0.12005586
40	120	0.117746	0.11819843
40	121	0.116125	0.116488276
40	122	0.114542	0.114852249
40	123	0.113	0.113256663
40	124	0.111503	0.111702678
40	125	0.110052	0.110198366
40	126	0.108647	0.108748934
40	127	0.10729	0.107358241
40	128	0.10598	0.10602437
40	129	0.104716	0.104744241
40	130	0.103499	0.103516694
40	131	0.102325	0.10233597
40	132	0.101196	0.101202759
40	133	0.100108	0.100112149
40	134	0.099061	0.09906354
40	135	0.098053	0.098054552
40	136	0.097082	0.097082945
40	137	0.096148	0.096148572
40	138	0.095248	0.095248343
40	139	0.094382	0.094382203
40	140	0.093547	0.093547119
40	141	0.092743	0.092743069
40	142	0.091968	0.091968039
40	143	0.091221	0.091221022
40	144	0.0905	0.090500012
40	145	0.089805	0.089805007
40	146	0.089134	0.089134004
40	147	0.088486	0.088486002
40	148	0.08786	0.08786
40	149	0.087256	0.087256
40	150	0.086671	0.086671
40	151	0.086106	0.086106
40	152	0.08556	0.08556
40	153	0.085031	0.085031
40	154	0.08452	0.08452
40	155	0.084024	0.084024
40	156	0.083544	0.083544
40	157	0.08308	0.08308
40	158	0.082629	0.082629
40	159	0.082192	0.082192
40	160	0.081768	0.081768
40	161	0.081357	0.081357
40	162	0.080958	0.080958
40	163	0.080571	0.080571
40	164	0.080195	0.080195
40	165	0.07983	0.07983
40	166	0.079475	0.079475
40	167	0.07913	0.07913
40	168	0.078795	0.078795
40	169	0.078469	0.078469
40	170	0.078152	0.078152
40	171	0.077843	0.077843
40	172	0.077543	0.077543
40	173	0.077251	0.077251
40	174	0.076966	0.076966
40	175	0.076689	0.076689
40	176	0.07642	0.07642
40	177	0.076157	0.076157
40	178	0.075901	0.075901
40	179	0.075651	0.075651
40	180	0.075408	0.075408
40	181	0.075171	0.075171
40	182	0.07494	0.07494
40	183	0.074715	0.074715
40	184	0.074495	0.074495
40	185	0.07428	0.07428
40	186	0.074071	0.074071
40	187	0.073867	0.073867
40	188	0.073668	0.073668
40	189	0.073473	0.073473
40	190	0.073284	0.073284
40	191	0.073098	0.073098
40	192	0.072918	0.072918
40	193	0.072741	0.072741
40	194	0.072569	0.072569
40	195	0.0724	0.0724
40	196	0.072236	0.072236
40	197	0.072075	0.072075
40	198	0.071918	0.071918
40	199	0.071765	0.071765
40	200	0.071616	0.071616
40	201	0.071469	0.071469
40	202	0.071327	0.071327
40	203	0.071187	0.071187
